D8 95 21 20.300550 21 17
D8 96 21 20.515680 21 17
D8 97 21 20.731325 21 18
D8 98 21 20.946520 21 18
D8 99 22 21.162735 22 18
D8 100 22 21.377500 22 18
D8 101 22 21.593295 22 18
D8 102 22 21.809130 22 18
D8 103 22 22.025005 23 19
D8 104 23 22.240400 23 19
D8 105 23 22.456350 23 19
D8 106 23 22.671280 23 19
D8 107 23 22.887300 23 19
D8 108 24 23.102820 24 19
D8 109 24 23.318370 24 20
D8 110 24 23.534500 24 20
D8 111 24 23.750115 24 20
D8 112 24 23.965760 24 20
D8 113 25 24.181435 25 20
D8 114 25 24.397710 25 20
D8 115 25 24.613450 25 21
D8 116 25 24.829220 25 21
D8 117 26 25.045020 26 21
D8 118 26 25.260260 26 21
D8 119 26 25.476115 26 21
D8 120 26 25.692000 26 21
D8 121 26 25.907915 26 22
D8 122 27 26.123860 27 22
D8 123 27 26.339835 27 22
D8 124 27 26.555840 27 22
D8 125 27 26.771875 27 22
D8 126 27 26.987310 27 22
D8 127 28 27.203400 28 23
D8 128 28 27.418880 28 23
D8 129 28 27.635025 28 23
D8 130 28 27.850550 28 23
D8 131 29 28.066750 29 23
