D8 151 33 32.385725 33 27
D8 152 33 32.601720 33 27
D8 153 33 32.817735 33 27
D8 154 34 33.033770 34 27
D8 155 34 33.249825 34 27
D8 156 34 33.465900 34 27
D8 157 34 33.681995 34 28
D8 158 34 33.898110 34 28
D8 159 35 34.114245 35 28
D8 160 35 34.330400 35 28
D8 161 35 34.546575 35 28
D8 162 35 34.761960 35 28
D8 163 35 34.978170 35 29
D8 164 36 35.194400 36 29
D8 165 36 35.409825 36 29
D8 166 36 35.626920 36 29
D8 167 36 35.842375 36 29
D8 168 36 36.058680 37 29
D8 169 37 36.274160 37 30
D8 170 37 36.490500 37 30
D8 171 37 36.706860 37 30
D8 172 37 36.923240 37 30
D8 173 38 37.138775 38 30
D8 174 38 37.355190 38 30
D8 175 38 37.570750 38 31
