D8 7 3 2.083153 3 3
D8 8 3 2.214640 3 3
D8 9 3 2.360100 3 3
D8 10 3 2.516300 3 3
D8 11 3 2.680920 3 3
D8 12 3 2.852360 3 3
D8 13 4 3.029433 4 4
D8 14 4 3.211180 4 4
D8 15 4 3.396850 4 4
D8 16 4 3.585760 4 4
D8 17 4 3.777457 4 4
D8 18 4 3.971640 4 4
D8 19 5 4.167840 5 5
D8 20 5 4.365933 5 5
D8 21 5 4.565540 5 5
D8 22 5 4.766593 5 5
D8 23 6 4.968843 5 5
D8 24 6 5.172240 6 5
D8 25 6 5.376583 6 6
D8 26 6 5.581767 6 6
D8 27 6 5.787720 6 6
D8 28 6 5.994333 6 6
D8 29 7 6.201747 7 6
D8 30 7 6.409500 7 6
D8 31 7 6.617983 7 7
D8 32 7 6.826880 7 7
D8 33 8 7.036260 8 7
D8 34 8 7.245967 8 7
D8 35 8 7.456050 8 7
D8 36 8 7.666440 8 7
D8 37 8 7.877177 8 8
D8 38 9 8.088173 9 8
D8 39 9 8.299460 9 8
D8 40 9 8.511067 9 8
