D8 41 9 8.722887 9 8
D8 42 9 8.934800 9 8
D8 43 10 9.146960 10 9
D8 44 10 9.359240 10 9
D8 45 10 9.571800 10 9
D8 46 10 9.784660 10 9
D8 47 10 9.997527 10 9
D8 48 11 10.210400 11 9
D8 49 11 10.423443 11 10
D8 50 11 10.636833 11 10
D8 51 11 10.850250 11 10
D8 52 12 11.063520 12 10
D8 53 12 11.277163 12 10
D8 54 12 11.491020 12 10
D8 55 12 11.704733 12 11
D8 56 12 11.918667 12 11
D8 57 13 12.132640 13 11
D8 58 13 12.346653 13 11
D8 59 13 12.560707 13 11
D8 60 13 12.775000 13 11
D8 61 14 12.989137 13 12
D8 62 14 13.203520 14 12
D8 63 14 13.417950 14 12
D8 64 14 13.632427 14 12
D8 65 14 13.846950 14 12
D8 66 15 14.061520 15 12
D8 67 15 14.276137 15 13
D8 68 15 14.490800 15 13
D8 69 15 14.705510 15 13
D8 70 15 14.920267 15 13
D8 71 16 15.135070 16 13
D8 72 16 15.349920 16 13
D8 73 16 15.564817 16 14
D8 74 16 15.779760 16 14
D8 75 16 15.994750 16 14
D8 76 17 16.209787 17 14
D8 77 17 16.424870 17 14
D8 78 17 16.639740 17 14
D8 79 17 16.854913 17 15
D8 80 18 17.070133 18 15
D8 81 18 17.285130 18 15
D8 82 18 17.500440 18 15
D8 83 18 17.715797 18 15
D8 84 18 17.930920 18 15
D8 85 19 18.146367 19 16
D8 86 19 18.361573 19 16
D8 87 19 18.576820 19 16
D8 88 19 18.792107 19 16
D8 89 20 19.007433 20 16
D8 90 20 19.222800 20 16
D8 91 20 19.438207 20 17
D8 92 20 19.653653 20 17
D8 93 20 19.869450 20 17
D8 94 21 20.084667 21 17
D8 95 21 20.300233 21 17
D8 96 21 20.515840 21 17
D8 97 21 20.731487 21 18
D8 98 21 20.946847 21 18
D8 99 22 21.162570 22 18
D8 100 22 21.377667 22 18
