D8 101 22 21.593463 22 18
D8 102 22 21.808960 22 18
D8 103 22 22.024833 23 19
D8 104 23 22.240400 23 19
D8 105 23 22.456000 23 19
D8 106 23 22.671633 23 19
D8 107 23 22.887300 23 19
D8 108 24 23.103000 24 19
D8 109 24 23.318733 24 20
D8 110 24 23.534500 24 20
D8 111 24 23.750300 24 20
D8 112 24 23.965760 24 20
D8 113 25 24.181623 25 20
D8 114 25 24.397520 25 20
D8 115 25 24.613067 25 21
D8 116 25 24.829027 25 21
D8 117 26 25.044630 26 21
D8 118 26 25.260260 26 21
D8 119 26 25.476313 26 21
D8 120 26 25.692400 26 21
D8 121 26 25.907713 26 22
D8 122 27 26.123453 27 22
D8 123 27 26.339220 27 22
D8 124 27 26.555427 27 22
D8 125 27 26.771250 27 22
D8 126 27 26.987520 27 22
D8 127 28 27.202977 28 23
D8 128 28 27.418880 28 23
D8 129 28 27.634810 28 23
D8 130 28 27.850767 28 23
D8 131 29 28.066750 29 23
D8 132 29 28.282320 29 23
D8 133 29 28.498353 29 24
D8 134 29 28.714413 29 24
D8 135 29 28.930050 29 24
D8 136 30 29.146160 30 24
D8 137 30 29.362297 30 24
D8 138 30 29.578000 30 24
D8 139 30 29.793723 30 25
D8 140 30 30.009933 31 25
D8 141 31 30.226170 31 25
D8 142 31 30.441960 31 25
D8 143 31 30.657770 31 25
