8.039737155681467
11.24920620777294
15.70461917672163
18.26199749569313
20.45577080774249
24.05941485649345
26.57786873577459
28.21816450623339
30.74504026138250
33.89738892725942
35.60841265393863
37.55179655636463
39.48520726092935
42.61637922615757
44.12057291207220
46.27411802351314
47.51410451011732
50.37513865063627
52.49674959906075
54.19384310155191
55.64255870021622
57.58405636044918
60.02685745671590
62.20607812228214
63.17699276733911
65.29492554408371
66.62313462553293
69.51302298598000
70.81979869554715
72.65614907069666
74.00542852100419
75.62240696403071
78.21748127092661
79.63797575190780
81.61198760947145
82.47025251222196
84.41228663829341
86.32764628301415
88.65261720853939
89.64640275684170
91.33561035443308
92.75346438711916
94.39435879716338
96.87425208978531
98.12645490424191
99.53348926405861
101.3749634679000
102.1163618450649
104.7653754701645
106.2460618488764
107.9703161171381
109.1376039144918
110.5233510368134
112.1547718422000
114.2171482715643
115.8981424418431
117.3697509966054
118.2994183078976
120.2551822384944
121.2788415965074
123.8904906598096
125.0107835006040
126.3973122558350
128.0526771842361
128.9372369286238
130.8113699102386
133.0324496493005
133.9908626434153
135.8208912231495
136.8263732715500
138.0953595564689
139.9982800755045
141.6478471118488
143.6384771451267
144.2516639825885
145.9196295674468
147.2242302819567
148.6031369892638
150.7164895698128
152.3185291515903
153.1907164942600
154.8152161519252
156.1364808910072
157.1483812765945
159.7182524207505
160.5683146966258
162.4150755709672
163.4179519382985
164.6743265965582
166.0662525292756
167.8677285312812
169.5982845608166
170.8474830423991
172.3076302538303
173.0602336194162
174.9713599306700
175.9300818153843
178.2561676554760
179.5188334579216
180.4313868100309
182.1921165989121
183.0869005284912
184.4318195608085
186.4672549599504
188.0044327245107
189.0010671450209
190.6019247350437
191.6303966754947
192.7101972365184
194.6648641090389
196.1084583641506
197.6996064891581
199.0088587986379
199.6814231836026
201.5880066361767
202.3549007531268
204.3415668604350
206.0443497536689
207.1403025362675
208.2390056909818
209.6818124647466
210.8688075936374
211.9841347465175
214.5759364179034
214.9211261886521
216.7517455684529
217.9558099665120
218.8770692068811
220.2518653564464
221.8954062843737
223.5475874582479
224.8255684231273
226.1130457512890
227.1639548118533
228.3103629680670
229.8603207599581
231.1126667667876
233.2473278856436
234.0621858277235
235.1901836805953
236.6674232789310
237.7998475385193
238.7815192750406
240.9546216199247
242.1355516326779
243.4903222257244
244.4562201863482
246.3028244345012
246.4148964765635
248.3912475399705
250.1562857449093
251.2072964743793
252.9333508970166
253.6828259854901
254.7600877442308
256.4132882912838
257.2810845872237
259.2731974163285
260.6690222258146
261.7331900046248
262.8413603840734
264.0927251332628
265.4054916973185
266.3467688135147
268.5334048091927
269.7633475290296
270.4837926614864
272.4547001464764
272.8700991741169
274.2075890142926
275.7232034952077
277.3922645560364
278.5947831471114
280.0288754666972
280.8797118717170
282.2108843699329
283.1612291681609
284.7932055175675
286.0671767907199
287.9857252919451
288.7101028317685
289.8196313865012
291.1497160123117
292.4994004725640
293.1461579712301
295.4052734131898
296.5237835456867
297.6932534938650
298.8858526457194
300.0442411125084
301.1948498279908
302.1477938432666
304.2345987852476
305.2667177577766
306.5746401318228
308.0564168531856
308.5960260978265
309.9131659877853
311.3997126051291
312.4376700421881
314.5089851652463
315.2478008258450
316.7478679888822
317.4099901024865
318.9929013465493
319.8835539237631
321.2238504515910
323.0883700511470
324.4750728381285
324.8682277193277
326.6748998281160
327.6899126465102
328.3791490765488
330.0580762971753
331.7098350520466
332.7610858506378
334.2281266348674
335.1090404297041
336.2938791374744
337.3231175951790
338.6137336731561
340.1689127234459
341.4738184846500
343.0517875415860
343.7348357774241
344.7405616721935
346.4045593485784
347.0451340377145
348.4410964843466
350.5588437050002
351.1464325745365
352.4767895649890
353.7213052688794
354.6288089346319
355.9287153484598
356.8195839741266
358.9895043461209
359.7399114153345
361.1485286920981
362.2787269214394
363.5106319487383
363.9958106914321
365.8571277898014
366.8107222683150
368.5471338407269
369.8617681201649
370.6484770399847
371.8867143187089
372.9235154545271
374.1996509445463
375.1833251674473
376.9101424823472
378.4853660305567
379.1335701928067
380.2914994466508
381.6709343643993
382.7357738451546
383.3306100960120
385.4542926492754
386.5509105471780
387.8036899333275
388.9393896785549
390.1392963013306
390.8526475772123
392.2636723340820
393.3297825398181
395.1082825259671
396.0599582992548
397.6833541389149
398.3767316395665
399.2942534759464
400.8379150520003
401.7159887654717
402.9055408083916
404.9146957152481
405.7883600329933
406.6595956182008
408.1898880969338
408.9166420927018
410.2092779107519
411.1165524746464
412.9076154075646
414.4169483814212
414.9304043961194
416.5495947361272
417.5043557248394
418.3643952179478
419.4982943824516
421.1079180301291
422.1941392678897
423.7726249632607
424.9263560632156
425.5206364081911
426.9759941571630
427.8782342823582
429.1261527113034
430.2922889054932
432.1471581337813
432.9587521208626
434.3424536843313
434.8313584607933
436.6339390083898
437.2406337472782
438.2244251587217
440.3213875967476
441.2088228266108
442.3723845749649
443.6068608429423
444.6802931027255
445.4220885676531
446.7673243789394
447.9064252549601
449.5571842135444
450.6154162509053
451.8432215149325
453.0667255470175
453.6154706530796
454.9456885533144
456.3461171683534
457.0217267129592
459.0182586588230
460.1607090954940
460.9884986394364
461.9993049963657
463.6047524158302
463.9786741619343
465.3438329118085
466.7265730923344
468.4486648106179
469.1588573986387
470.2871255951251
471.6299209838351
472.4524553870890
473.3871490297167
474.6450841651777
476.4131186018024
477.0860289135918
479.0291998569227
479.3973997505262
480.6442433245706
481.6450039520016
482.9448002520980
483.7946268201109
485.4127811858150
486.8221516735848
487.8331710119405
488.8061504141687
489.7662810399686
491.0703306326949
492.1076379118261
492.8347757801158
495.0134207625413
495.8833454899824
496.7425360797046
498.3515120934006
498.9240138966046
500.1563926426789
501.0127306246830
502.5380248223957
503.8135531819040
505.2215339377752
506.0165919654560
507.3890990121651
508.2031188017498
509.0135516825148
510.6737424773482
511.3480645174797
513.0202932069244
514.4689749535045
515.3042176942764
516.0860823030057
517.4544049678404
518.6794575577560
519.1100183768177
520.7624337199770
522.2733604794607
523.4431049572826
524.2520994573979
525.4748184043415
526.5398414907121
527.5925834963744
528.2625037257044
530.0226100056633
531.3456483716765
532.2323061933818
533.6846642854943
534.7832910412033
535.0773188709125
536.7862321975938
537.5977896650461
538.8230999248308
540.4083522006577
541.5291796788549
542.7196322800790
543.3299926557815
544.7195844172088
545.5408240119937
546.9541296950658
547.5141489364162
549.8863727864125
550.3132294999229
551.4340204210082
552.7254813939121
553.7416710255736
554.5554248456961
555.5684887375563
557.0862667279514
558.3597202089014
559.5611310792139
560.6223167796622
561.6114366190001
562.7765338451268
563.4112343394522
564.7787487388099
566.0024181898542
567.1601141031264
568.7637842113447
569.6607891100117
570.4272355244301
571.5422304890753
572.8647418234379
573.6236313467125
574.6186005943403
576.6669519018190
577.2413641451126
578.8254824425304
579.2520994350059
580.7234625043573
581.6979306631192
582.4216573389030
583.7283233459834
585.4389309682227
586.3259725237724
587.3469651310184
588.8452106599484
589.4522122547767
590.2197733997988
591.8476275879387
592.5113093657920
594.0464235061286
595.3878348577768
596.5686306394250
597.2631725264032
598.5194541215007
599.2829299591681
600.6856315449811
601.3916876949544
602.7794142185645
604.5370003602297
605.3082026956367
606.0180255395151
607.4778097706594
608.5301879979211
609.1108188626575
610.3261160980714
611.8205017297252
613.1674106740180
613.9777797351014
615.4624891575918
616.0303285924099
617.2638063079506
618.1821551243407
619.1168800452857
620.7368778154446
621.6147330234616
623.2335231476163
624.0665798685338
625.0751564322204
625.8213476039693
627.2140459581235
628.2756475673509
628.8509939046310
630.9151680453488
631.8439283741528
632.8038271090160
633.9151554982467
634.8367875851349
636.0141220927649
636.8394511699794
637.8352162410553
639.5349536310771
640.8601425243898
641.3142273980366
642.9353193254100
643.7086090357348
644.6886211086911
645.4342277749353
647.1287069788669
647.7720098755978
649.5325606993843
650.4828324410362
651.5646526372131
652.4314158678589
653.3909604726604
654.6048833260269
655.4721564066805
656.6523173020638
658.1130222023188
659.4816164227058
660.3047366307787
660.8775471929872
662.6832732833053
663.1048200894569
664.1431885894009
665.2954801881134
667.1170933866886
667.7504550758483
669.0218895493720
670.1629193469658
670.9324986693509
671.9981891432243
672.9679327536605
673.9996126130248
675.5420274286742
676.5684655101176
677.7539452528048
679.1142482311374
679.4577304240192
680.6148319499676
681.8573956344984
682.8638155514853
683.6783715574976
685.5219309195127
686.6984289032650
687.1556949313100
688.5223614583667
689.5384548101426
690.3169227542557
691.6569437132779
692.2113381841708
694.2221906007832
695.0675033144298
696.1459920576558
697.0633412799833
698.3865354628259
699.1544272301559
699.7747478100384
701.3975632214916
702.4374689618244
703.6494570574710
705.1371707261352
705.6557244124730
707.0475730308378
707.4801038733355
709.0564863901217
709.6493876561047
710.9819196337146
712.2873050100932
713.6865762057861
714.5269683747457
715.3806343618824
716.3403504095115
717.8451907315224
718.2755061808349
719.2557667910562
721.1089710256134
722.1224237670195
723.0249893823064
724.1414192605915
725.3413364947927
725.9314610054100
727.0359844240181
728.1280482150450
729.2396983259437
731.0017594091248
731.3706074388291
733.0055188712263
733.8479071231663
734.4996221020520
735.6731395960383
736.8324802516314
737.7764204153644
738.9051723291419
740.7845072295829
741.2484751409866
742.1738853081238
743.4562505476215
744.2973415290655
745.3650409126464
746.1862055822076
747.4844843455826
749.1035679717973
749.9267784341527
750.8473130747977
751.9482260833402
753.0602147996005
753.9185753372821
754.5724758326966
756.1281914970879
757.4240554532333
758.2802182252336
759.7540227030244
760.6282770981918
761.2444429911982
762.5908272166265
763.3100550264148
764.6279540171486
765.4658399195165
767.1901423824596
768.0021656690960
769.3013029110765
769.8958429050248
770.8843454388089
772.1999669655395
773.1601292184248
773.6085763719094
775.6985221004328
776.6029726995280
777.5885002573486
778.4480186972738
780.0118153170835
780.2677418628218
781.4299093936496
782.5671197636648
783.6793335766672
785.2473522089782
785.9751149461529
787.2033396256100
788.1775821688511
789.1922411357445
789.7200634714279
791.1905583302417
792.1328133084700
793.2057338391310
794.7515276416047
795.8378695406058
796.5455736338162
797.3689606617934
798.8175792686611
799.4985044839909
800.3917836965077
801.6609761054926
803.0818930668001
804.3361961742037
804.9658868194199
806.0059841091562
807.3345945651177
807.8459029274137
809.1717466430555
809.6644491040839
811.8320481017788
812.1920792656544
813.5983140380648
814.8363220435619
815.4764687319181
816.4077885966893
817.4541943546967
818.5666645646981
819.4900185263512
820.8445076139047
822.2620411345027
822.9324768190595
824.2263725114889
824.7895447192018
825.8768526128053
827.2158224373359
827.7448231294202
828.9176996549267
830.8261103680655
831.4532825582916
832.2360632993281
833.6150908826182
834.3899321917643
835.5522947534417
836.0098582847601
837.4799265298591
838.7310231747386
839.8891421658978
841.0182901140904
841.7572000964498
843.0439030975675
843.8434523842728
844.4779211675936
845.9466045257741
846.8503853425247
848.1161386019675
849.3749141993481
850.5308625012066
851.3182858560692
851.8806078733264
853.5153448535442
854.1389287857236
854.9886454332469
856.3623575976724
857.8204516676712
858.7628642429162
859.6365592328241
860.6370802027576
861.6311401167167
862.7330614713259
863.4032481952453
864.4253139611601
866.0778724198237
867.2557977679247
867.7113912314701
869.4243658715524
869.9630623745788
870.9039279534107
871.7689637495170
873.1849372931629
873.7964314431512
875.4128819839741
876.3913904264609
877.8057975632865
878.1260611132679
879.4363866429915
880.2697642121315
881.2165699434625
882.6546276579919
882.9367662175148
884.9862021650770
886.0500103852550
886.4903606213844
887.7295241075716
888.7938073023511
889.7917997428082
890.4169716562444
891.4998737352184
893.1546273356171
893.9263092710543
895.3406240380287
895.9442780822350
897.1898121892648
898.0233347960588
898.8965183746390
899.8145732770230
901.1178461882277
902.2725211064735
903.3323337035685
904.6828560134566
905.4770575836092
906.2159102828407
907.1888457060289
908.4767663164281
909.2936146744497
910.0183328272633
911.9719595230666
912.6401137335831
913.8881330731994
914.5634256715810
915.6612881361192
916.6578665014643
917.6653981526863
918.2833983273549
919.7198008766657
921.2189430567523
922.0790037133814
922.7225182642770
924.3169298615095
925.0515202551441
925.4752905914473
926.9441078388910
927.8188151597916
929.0828234122019
930.2016677377835
931.5632436802710
932.2040673065957
933.2979530327806
934.0647200641805
935.1973695333509
936.0332948835355
937.2338231503482
938.1300351159512
939.8757819241412
940.6094731964044
941.4887807811081
942.2767249823006
943.7347207128328
944.3595487574863
945.1428272175800
946.3337466880346
947.9313340620184
948.7968318077002
949.6809978797910
951.0606377628507
951.5458215159981
952.6928266346554
953.7005309256843
954.3125066540761
955.8664605382455
956.9620439568682
957.9513826889785
959.2857540808414
959.9433908873622
961.0899696078645
961.5139838929673
963.0592763695674
963.9308973739743
964.5653002268967
966.5076139971614
967.2924407126569
968.2253798169345
969.2271588678808
970.0494697820223
971.2729884550160
971.9427530224841
972.9602286868556
974.0848602375804
975.8559953971540
976.2983417121830
977.3863153538661
978.4002506460377
979.7133794093729
980.0323729952237
981.0047757189270
982.4424412680767
983.3724918043081
984.6379578687552
985.7452643520627
986.7755141735006
987.5130132937347
988.5079760309538
989.3705241750266
990.5970163452638
991.2384329234070
992.7201501873717
993.7485809309356
995.2030390473340
995.8472566760265
996.3596017762252
997.9979867014643
998.5231520545732
999.7489080712334
1000.219446154981
1002.066423941195
1003.259355080664
1003.711969092642
1005.064773374228
1006.109200139996
1006.633079143350
1007.931783120937
1008.560886719612
1009.755946314072
1011.210487703971
1012.093279992430
1013.153044691380
1014.268715758306
1015.170888423674
1015.759074771730
1016.855166302097
1018.167836827861
1018.745053939815
1020.054419195665
1021.698795994583
1022.267841945875
1023.080746002650
1024.268282308694
1025.135859352347
1026.028832212505
1027.128011290504
1027.798210113072
1029.565375894752
1030.469330625496
1031.534803519117
1032.155079373223
1033.420415854857
1034.451577030341
1035.024584714718
1035.866812371340
1037.571402110307
1038.258996668397
1039.684876820944
1040.477374305724
1041.747311852314
1042.292787835505
1043.182901170051
1044.482160338277
1045.111515938034
1046.323863083078
1047.576933413483
1048.726006759266
1049.761494290577
1050.731742526304
1051.181529944343
1052.521907551050
1053.642893815551
1054.124980739211
1055.221522197407
1056.994241804127
1057.814371558278
1058.544310178663
1059.722089134092
1060.683182927032
1061.670947267698
1062.153093054789
1063.590379186254
1064.320359338384
1066.058675612491
1066.708926770677
1067.722476056775
1069.057434634964
1069.544959357984
1070.544478375858
1071.429232099828
1072.595559303083
1073.646539075411
1074.563997972105
1076.357463508132
1076.779586572376
1077.696257369104
1078.682741822152
1079.813840789412
1080.510328004055
1081.604821681330
1082.419111278600
1084.115598351958
1084.940059612516
1086.062890689826
1086.665715733112
1087.812739866778
1088.923980005516
1089.583857446054
1090.324004641102
1091.776134101123
1093.335557079885
1093.537958815853
1095.170342487985
1096.003506899727
1096.734332231484
1097.754237829100
1098.545343951686
1099.850492236276
1100.499187411829
1102.023168229060
1103.068485989999
1104.079470349787
1104.934993867851
1106.026046627550
1106.367206748907
1108.253408497397
1108.387000667562
1109.456744070637
1111.136612959334
1112.205279826472
1113.058431800574
1113.657883396596
1115.127439535876
1115.897530638027
1116.482576877646
1117.672572575256
1118.689880849221
1120.019645503411
1121.224215461249
1121.835830711083
1123.061136480413
1123.983178102447
1124.770469667073
1125.586541360683
1126.644136122498
1127.885111778417
1128.762442030696
1130.069209732966
1131.279024909190
1132.002814934240
1132.621253476926
1133.818192052219
1134.960346534894
1135.487639151724
1136.578705811677
1137.940688662712
1139.141688826627
1140.255228811444
1140.607481834181
1142.073913151118
1142.627217346517
1143.915622633814
1144.550474070573
1145.358922799706
1147.233786950920
1147.955666068218
1148.768205516914
1150.166065458759
1150.876313783235
1151.682220162912
1152.616433799633
1153.550048345709
1154.785133418192
1155.567784360057
1157.157343550216
1157.929071531821
1158.878137520166
1160.125580174569
1160.340643019174
1161.696030250731
1162.632306909882
1163.617398033861
1164.388319374587
1166.342697906321
1166.781249241369
1167.908303691738
1168.506916293912
1169.961470312333
1170.575986910939
1171.430636210640
1172.314652655378
1173.789811077865
1174.825609925990
1175.877299086723
1176.846462572654
1177.582547233852
1178.918214124265
1179.397423693009
1180.276516687677
1181.511287056118
1182.516980939173
1183.810244830812
1184.608689551865
1186.043120439240
1186.781619775481
1187.170880163872
1188.507787880722
1189.691930645636
1190.090190598975
1191.319744677663
1192.681315316780
1193.949491387389
1194.506601967794
1195.613016300518
1196.396067535003
1197.515424395793
1198.272311353066
1199.345828217291
1199.949191441713
1201.867764406296
1202.613075078505
1203.352626807737
1204.561036695375
1205.574978602752
1206.386374651738
1206.870739986277
1208.354934134357
1209.060702227053
1210.436886850419
1211.393668695047
1212.713202864096
1213.330286822990
1214.261624729065
1215.320107255371
1215.948767519427
1217.121271432163
1218.161376196748
1218.914551734136
1220.553895882462
1221.715887028868
1221.966952563309
1223.187543762181
1224.093880719445
1225.185800372769
1226.099540240150
1226.410378973219
1228.338446556298
1229.154425226691
1230.322387496632
1231.121246299189
1232.129848084696
1233.027815540168
1233.990335522441
1234.659425149265
1235.717873826208
1236.929558325940
1238.191952895927
1238.908671729355
1240.228382136503
1241.112261321550
1241.805221968116
1242.547110067958
1243.847463827249
1244.835242492013
1245.315039672556
1246.945864614141
1248.288243421859
1248.684652143309
1250.045797853149
1250.498502307854
1251.763960738583
1252.607727399334
1253.433526551774
1254.354864042243
1255.675542495010
1257.209712625192
1257.620219347301
1258.403572633628
1260.124102348885
1260.294074107772
1261.336995515884
1262.208233345728
1263.377143215752
1264.517144875021
1265.565907312424
1266.637605694222
1267.753839159988
1268.377211044219
1269.229489412499
1270.585246080966
1270.782800725507
1272.396130277645
1273.010402868014
1274.418225634057
1275.613479212160
1276.527354344584
1277.167260695664
1278.011746673482
1279.357217102978
1280.025510644007
1280.809960385217
1281.797801325122
1283.616486544832
1284.108782173243
1285.132601778525
1286.227015838553
1287.062511315113
1287.876453286477
1288.942052212459
1289.588042514838
1290.697527947580
1292.223704407796
1292.868488768309
1294.110260110701
1294.948433606934
1296.030475945474
1296.744989003874
1297.312215266816
1298.880293578181
1299.529349754943
1300.374348079174
1302.182882776683
1302.723589809442
1303.933510652676
1304.489127621986
1305.539207083219
1306.631324260886
1307.280432421765
1308.315695070105
1309.245512857723
1310.744460524594
1311.793039721189
1312.529694351139
1313.228253480203
1314.639921620882
1315.334740848833
1316.026734196346
1316.927860745454
1318.263805954106
1319.406926009124
1320.256143514234
1321.501190719120
1322.288739978766
1323.247083260591
1323.935840289525
1324.908263960862
1326.116470292773
1326.575381802464
1328.252148194262
1328.898020588729
1330.467655979397
1331.042417535877
1331.877826672666
1332.694203528344
1333.926854285217
1334.742176931363
1335.451958773371
1336.509090495326
1338.322998205315
1338.845829612593
1339.577578801231
1340.927092826449
1341.674888208238
1342.408310255475
1343.625286861299
1344.083369331097
1345.414975334035
1346.712983031241
1347.670027437124
1348.512691342920
1349.552744646831
1350.630935501372
1351.168652542274
1352.018490429227
1353.165580366102
1354.302118242877
1354.949617028272
1356.475296018153
1357.606906210942
1358.198748748513
1359.015237836916
1360.172957191518
1360.879275745897
1362.027515880036
1362.629223738494
1363.807007772039
1365.261362853841
1366.127786961010
1367.075464211339
1367.801226581889
1368.746619413062
1370.034684542508
1370.602307042210
1371.099480685508
1372.784852340491
1373.733182906444
1374.936352563413
1375.525939604181
1377.016227798445
1377.455122810283
1378.398256461157
1379.222922142782
1380.496194917255
1381.005789388439
1382.434901210441
1383.559794767909
1384.408690100317
1385.802567768934
1386.066174982551
1387.060995247139
1388.125970780260
1389.068252118545
1390.041199372904
1390.588253401612
1392.534211630904
1393.193476390441
1394.143689543655
1394.812943891278
1396.115484553200
1396.986599237118
1397.405637304506
1398.726821826202
1399.473188909382
1400.910215773915
1402.081979574699
1402.636689923620
1403.782119262215
1404.842195393123
1405.420344243066
1406.458616758890
1407.118846414391
1408.431419378770
1409.470570191850
1410.292309510070
1411.855925691596
1412.592598632795
1413.102127764943
1414.299675613904
1415.086602840895
1416.133577333946
1416.968044411122
1417.757806687284
1419.363348757499
1420.251173525926
1421.202632366794
1422.148409628853
1422.693518642545
1424.060191791453
1424.761769921830
1425.592114680596
1426.325955624518
1428.079862952463
1428.902954973879
1429.662194265349
1430.865655131701
1431.714633924023
1432.740003309623
1433.069721668271
1434.428986102663
1435.235189223668
1436.318455896965
1437.450823697029
1438.769806906667
1439.242663225469
1440.524659009190
1441.355853263076
1441.728670975580
1443.177867914731
1444.083521168199
1444.637393137971
1446.029943086229
1447.367373925836
1448.419767418911
1448.661028132339
1449.835331109337
1451.034668215528
1451.761824280423
1452.311919442587
1453.552616449537
1454.582119893509
1455.929857521543
1456.874412375274
1457.453942799879
1458.928057052815
1459.217264695896
1460.737735937893
1460.858609092066
1462.101136778741
1463.301952613425
1464.395146978551
1465.207857085181
1466.632011607203
1467.284802268946
1468.127921953332
1468.772544053013
1470.128966373122
1470.817155747940
1471.627732049228
1472.800402727904
1474.139753510833
1475.152714505942
1475.801299383133
1476.814786309211
1477.645668910176
1478.571534427441
1479.608639342810
1480.292940232429
1481.103834962722
1483.088636648875
1483.448407919026
1484.373833431097
1485.582135910706
1486.411529089329
1487.223339060547
1488.081423587295
1488.763975406679
1490.350148540930
1490.741526426987
1492.398676832944
1493.134213610385
1494.150533448465
1495.019530993041
1495.894922916749
1496.609151755928
1497.596865785602
1498.862606255129
1499.259475965541
1500.746052805633
1501.944227411519
1503.025413680247
1503.324321050907
1504.358393742441
1505.647735677600
1506.237050287972
1507.138461669049
1507.867858024243
1509.480126415354
1510.347395442788
1511.367227980130
1512.302613813965
1512.981590090852
1514.269545298096
1514.803536534837
1515.675742004820
1516.653689349274
1517.732410191481
1519.164614878517
1519.653875665174
1520.917629305471
1522.059000888644
1522.607398860595
1523.154394004198
1524.620004687947
1525.306162063346
1526.160657385699
1527.264889174225
1528.630681954491
1529.612155999749
1530.307485599797
1531.146857180577
1532.286074558298
1532.858754671154
1534.016853674426
1534.883481714116
1535.472415441518
1537.333040626520
1538.057591037800
1538.963868779725
1539.614213348671
1541.206093085899
1541.412892919160
1542.465165516129
1543.226926988791
1544.425931717469
1545.523716369871
1546.503151882185
1547.608165273577
1548.620556139562
1549.214849398913
1550.317497989833
1551.001479220567
1551.957504589383
1552.876113758664
1554.075336269813
1554.748770756617
1556.512707867902
1556.920568990543
1558.034515884984
1558.675897328045
1559.557604034606
1560.975091974998
1561.378816372703
1562.033713035255
1563.637748721728
1564.869009935057
1565.420819259037
1566.672066385360
1567.255905908647
1568.379121827648
1569.241574961136
1569.901749518816
1570.902682468971
1571.876135820314
1573.273023853512
1574.215509241403
1574.837104272988
1576.285897812527
1576.893721440550
1577.616278200618
1578.436669176879
1579.657507167353
1580.534281190383
1581.234006943031
1582.765197046168
1583.813652535418
1584.485465277447
1585.497612899515
1586.145913055522
1587.299035210104
1588.075136183145
1588.925979498644
1589.866803793095
1590.984795135480
1592.508077910289
1593.172371795902
1593.662591454448
1594.953638249079
1595.956850233885
1596.606450536397
1597.307044192324
1598.395953564641
1599.532005297705
1600.929052341996
1601.247525452560
1602.822569550437
1603.528357391162
1604.065398096497
1605.458308535037
1605.802252367149
1606.969713213599
1607.961463856482
1608.973127595458
1610.125945288845
1611.178621753086
1612.222945183785
1612.684752066553
1613.620169210675
1614.629727276194
1615.754353480762
1616.271771322712
1617.105775224769
1618.941683240344
1619.550800255624
1620.515528046929
1621.290581827947
1622.487663426971
1623.075980784306
1624.005523130124
1625.057150003124
1625.527027586626
1627.154796888325
1628.058587856010
1629.130975577078
1629.774469883453
1630.993229629996
1631.788991634373
1632.570384503228
1633.072727352713
1634.911312474669
1634.965989497393
1636.347113708754
1637.710512917979
1638.488418116010
1639.490122555604
1640.067211991367
1641.039360231996
1642.126587172663
1642.831157182201
1643.665470406697
1644.794788338104
1645.935201377986
1647.280273661350
1647.846691436792
1648.521463364249
1649.678073126939
1650.683821687347
1651.369484859886
1652.084142194942
1653.071926899212
1654.678284607036
1655.247656826425
1656.396805668240
1657.248400876856
1658.402486763710
1658.914349219086
1659.709163894153
1660.977671033260
1661.482115133755
1662.689195490590
1663.887054057490
1664.758282773105
1665.908176897334
1666.790086600755
1667.512860911880
1668.136158506745
1669.537262692403
1670.015675234632
1671.366854229961
1671.616569032905
1673.637612151183
1674.519552991636
1674.744891185821
1676.128601510102
1676.986004608876
1677.720944604960
1678.773725916137
1679.364095862180
1680.428656201607
1681.707038512711
1682.857849364721
1683.541351646428
1684.553017010385
1685.384820031000
1686.551938768281
1687.027035232552
1687.741848798324
1689.114909341360
1689.958917386576
1690.957356291615
1692.113778273382
1693.363499447450
1693.746048819653
1694.736332939837
1695.554362649071
1696.618761398688
1697.407585261669
1698.238042492518
1699.258469819515
1700.727086644130
1701.442723754257
1702.511947000873
1703.272968367034
1703.846240385243
1705.314682872954
1705.943314004099
1706.465486098191
1707.610492125472
1709.050468701427
1709.995133700476
1710.727250996811
1711.680422842812
1712.905801155138
1713.432601853789
1714.152249965517
1715.210946738938
1716.292586735111
1716.873060602257
1718.618810947504
1718.986696750926
1720.371192218385
1721.206585686080
1721.838689796273
1722.871689756036
1723.481220060239
1724.803221436779
1725.483123323891
1726.259876917885
1727.818367660649
1728.912395187781
1729.537525109495
1730.114624741560
1731.513291121218
1732.143487130196
1733.059808308063
1733.765100440662
1734.811079641789
1735.991594575821
1737.278377481700
1737.894770122946
1738.838482601683
1739.788153121341
1740.772197311366
1741.362447422082
1742.453442063973
1742.925822121254
1744.576888484172
1745.260648326381
1746.244643102334
1747.761523899717
1748.042250717660
1749.085157652854
1749.842011638144
1750.766074787883
1751.851824069099
1752.526830019432
1753.419747286383
1755.018983231343
1755.692875547226
1756.712059960101
1757.686546556772
1758.100685234316
1759.348077047043
1760.201301996695
1761.224454315583
1761.426776632010
1763.192589267234
1764.306873555190
1765.106952681873
1765.686633736191
1767.089380321492
1767.767919736900
1768.456596110672
1769.334808170110
1770.294038057126
1771.404214190156
1772.271516408122
1773.672871079495
1774.304429607215
1775.273410541563
1776.377171591029
1776.854267143710
1777.708134761275
1778.843282433666
1779.689515448844
1780.541342733380
1781.667514076177
1783.066156724887
1783.735290222046
1784.666885242611
1785.037212039491
1786.604831224076
1787.310705559251
1787.694641184897
1789.015421052828
1789.866778953077
1791.521703518677
1791.883698075707
1793.024839130868
1793.839539176247
1794.795644259749
1795.569180809816
1796.593641349449
1797.050727149287
1798.241342946447
1799.675303834773
1800.250480104963
1801.340035056908
1802.517838311511
1803.217800322509
1803.856745699565
1804.759983344402
1805.816032403945
1806.760116795508
1807.374636659007
1808.690110116023
1809.984917467323
1810.642871221719
1811.638684416170
1812.293684097364
1813.390471702156
1814.000280815255
1815.222715083868
1815.872926428632
1816.579826563423
1818.409684027693
1819.168472909550
1819.698228528653
1820.932549655008
1821.621826834878
1822.892726467680
1823.239331434560
1824.016461765348
1825.368544487530
1826.239009810803
1827.331146234144
1828.428431444435
1829.271678488330
1830.030768905104
1831.165963773511
1831.694279381768
1832.495411922349
1833.817272194937
1834.296811310633
1835.652089634597
1836.490894173032
1837.957476601027
1838.504051775973
1839.243725913792
1840.038808477484
1841.271701265869
1842.022148399372
1842.718672895607
1843.529628518268
1845.187135460735
1845.849372087066
1847.101194164204
1847.493098167867
1848.727399257675
1849.451087236488
1850.393906644469
1851.143317710957
1851.938595664857
1853.060089886367
1854.389255014971
1855.281507436334
1855.822201881758
1857.306353483861
1858.099462915954
1858.311617347310
1859.534946723075
1860.537944912442
1861.348564785572
1862.276050059604
1863.420593183031
1864.676811906592
1865.556782267949
1865.938635930114
1867.259809842481
1867.861894090914
1868.751905159811
1869.866653840787
1870.463054356403
1871.443373072355
1873.093980615198
1873.737661090732
1874.559176617199
1875.290943586295
1876.520672599475
1877.211200616365
1878.168599886713
1878.532153765768
1879.941960739909
1881.077512961516
1881.918469765834
1883.017059778018
1883.837748499263
1884.909952035600
1885.323184279712
1886.564488717571
1887.128858031074
1888.062199620424
1889.338484079305
1889.972161179581
1891.390719948113
1892.200620527489
1893.200861831133
1894.045901676412
1894.377315717670
1895.765522940291
1896.684627461829
1897.302904388963
1898.015768785217
1899.884713493826
1900.357732155792
1901.492525313374
1902.226443498350
1903.056572543189
1904.167398388994
1904.829555120936
1905.566504745567
1906.650228793901
1907.437552663667
1909.070117945602
1909.664797688619
1910.415143883326
1911.650240294453
1912.477674724835
1913.202293149189
1913.774404255301
1914.979712324541
1915.972639066796
1916.702947319212
1917.940660136161
1919.067022605927
1920.035955463851
1920.490903403011
1921.617371949230
1922.249906302507
1923.571900188068
1923.833645517475
1925.160569016752
1925.883584926109
1927.342753309031
1928.314770316193
1929.157032141008
1929.505757544031
1930.881819856787
1931.837084275842
1932.239786981369
1933.360332711080
1933.986782364010
1935.683203065694
1936.402774819742
1937.095924313601
1938.670055806883
1938.834964522635
1939.969200460684
1940.765365837539
1941.616711595640
1942.436935574018
1943.528127633039
1944.569454804789
1945.588627817019
1946.604665515297
1947.534287342700
1948.262870492638
1949.130617846089
1949.673143692812
1951.323864240892
1951.535978427882
1952.381396233924
1953.844521531801
1955.175440877843
1955.595732714429
1956.443347869234
1957.547885633189
1958.323510383728
1959.121259497144
1960.133607426326
1960.646040935528
1961.886187631027
1963.098994283327
1964.133372499126
1964.815751357049
1965.681465543414
1966.740335165032
1967.749415765554
1968.047377052540
1968.965865011490
1970.374205427186
1970.956094127117
1972.124991857246
1973.278268268874
1974.115892976463
1975.142233303956
1975.617281018440
1976.474761415199
1977.829424210780
1978.153341358005
1979.190823047310
1980.281691198433
1981.320530313846
1982.575890762836
1983.365127044491
1983.897954366271
1984.879942974352
1985.946246745668
1986.669565372850
1987.695054169388
1987.956455396441
1989.630080670629
1990.804649080225
1991.375280003917
1992.257349092270
1993.582260857337
1994.019964055919
1994.888252405003
1995.785744126068
1996.645209754274
1997.589302598779
1998.608253106362
2000.000704663447
2000.376739666757
2001.814240941968
2002.446672403008
2003.146545713175
2004.078203424090
2004.883876849393
2005.966978160706
2006.857906233539
2007.404434081809
2009.321230360647
2009.868922060339
2010.523152618739
2011.567978004870
2012.369955475374
2013.476505283778
2013.916532287499
2015.102520911849
2015.603539275736
2017.232628058048
2018.002089944531
2019.085153861635
2019.822012640735
2020.530484961898
2021.821519911899
2022.479032989027
2022.925173415216
2024.080524048323
2025.175349757206
2026.214890697105
2027.038578970761
2028.240211752729
2029.083998554193
2029.972598289490
2030.374611736283
2031.615079794443
2032.352954147333
2033.431340240455
2033.915785552859
2035.390823841309
2036.411644161651
2037.259934869976
2038.300940567011
2038.796761632593
2039.670334264523
2040.833077924121
2041.667938935909
2042.131159822188
2043.183182370814
2044.690328127827
2045.572211346480
2046.319722270284
2047.033579432500
2048.330173780355
2049.236913821152
2049.325648765428
2050.624382432263
2051.657631658132
2052.253195769236
2053.965806793547
2054.273103810181
2055.703947437231
2056.268244479857
2057.355037779733
2057.982614817027
2058.759067705769
2059.765921717722
2060.727312257042
2061.602212930363
2062.453073803584
2064.171065229609
2064.550181079276
2065.379099599780
2066.204562024288
2067.220131391763
2068.145353085408
2068.827857097121
2069.557312035711
2070.725250315605
2071.931730183649
2072.987392345295
2073.624773446324
2074.519875623464
2075.557636815542
2076.156961946415
2077.397738119356
2077.729378345989
2078.631162538168
2080.128399370862
2080.948526513857
2081.775583913137
2082.918852896058
2083.968324705291
2084.300945645178
2085.449326583268
2085.989791462405
2087.223201153009
2088.087611955635
2088.621493394486
2090.261174283288
2091.062597555397
2091.916122985430
2092.872163563071
2093.653393973524
2094.183778043882
2095.646963290011
2096.066381216835
2096.959338244521
2097.881118458609
2099.388630401319
2100.388105266123
2100.764541174464
2101.732007577549
2103.005255582914
2103.498829720072
2104.465483163835
2104.954402295428
2106.297185337921
2107.103900021698
2108.302631808934
2109.281086096460
2110.053238713862
2111.021303227300
2111.885835082974
2112.587054820625
2113.398128120222
2114.286571585062
2115.408236588664
2116.091926265289
2117.353360584355
2118.275268384109
2119.698061142637
2119.863641999055
2120.479700950590
2122.011181267404
2122.555651377555
2123.382385099600
2124.216063013591
2125.204303972098
2126.746897774556
2127.286521785146
2128.292425938119
2129.016966138489
2130.113993249090
2130.685116161516
2131.725226971064
2132.615281635440
2132.980144130826
2134.612526822704
2135.731038165896
2136.145400437050
2137.422092579220
2138.295138137375
2139.101760939044
2139.819868953629
2140.457281484561
2141.815476091175
2142.395221327247
2143.353906922460
2144.559493485460
2145.771880389545
2146.312444412488
2147.283659712412
2148.055430661320
2148.935366624843
2149.690155575103
2150.793402758197
2151.507488772339
2152.212152540882
2153.992040625660
2154.551465570671
2155.522092055914
2156.115919225249
2157.162737909524
2158.269035977760
2158.776606682535
2159.463848725132
2160.490767871346
2161.912768894888
2162.430129802158
2163.859858814877
2164.424822422969
2165.335987673693
2166.429179057304
2166.936987287702
2167.744577029642
2168.866312430369
2169.489319922762
2170.769704109542
2171.648369046200
2172.623955314254
2174.091398116771
2174.139964300461
2175.232874462089
2175.861486949037
2177.268304638553
2177.767723907044
2178.468159524415
2179.587609806664
2180.960854787015
2181.921738311583
2182.405423294749
2183.527528181950
2184.281062821535
2185.152833229079
2186.108234894188
2186.683328565677
2187.671094505550
2188.614128877835
2190.144322854225
2190.788331232072
2191.317613479660
2192.800181494857
2193.377235321070
2194.173430381576
2194.791882794487
2195.953440018273
2196.743931062696
2197.828949117507
2198.633809138189
2200.016069457933
2200.817310947912
2201.438097948937
2202.309056627119
2203.359146210626
2203.896172827669
2204.927573005259
2206.000334248156
2206.410553317184
2207.944565079814
2209.181571524723
2209.524395499250
2210.703775964980
2211.102362192671
2212.475744017210
2213.192871931297
2213.833072360072
2214.516572927552
2215.980123651617
2216.944057529906
2217.873783051402
2218.616225074255
2219.863348919529
2220.314369291785
2221.230245430075
2222.356902176555
2222.579041599327
2223.978456202167
2224.708033945124
2226.031870701660
2226.725998011485
2227.909747138987
2228.677591980864
2229.612235488049
2229.988203696977
2231.061407742496
2232.268142591502
2232.882298142655
2233.369080234367
2235.188457605035
2235.860156691850
2236.922513003216
2237.533486408077
2238.338277134894
2239.508341900765
2240.167937643757
2240.799128853372
2242.011611704977
2242.532139489547
2244.062137585017
2245.105691636173
2245.653591742979
2246.465069839732
2247.766501002482
2248.381395415961
2248.958641350271
2249.935692437474
2250.805755869721
2252.004399790032
2252.732346022750
2253.866889294121
2254.992363733778
2255.703460192183
2256.404121533992
2257.253473220211
2258.187797883859
2259.025926692249
2259.826167657134
2260.753441756608
2261.810808385136
2262.935296605477
2264.119798784520
2264.532790578417
2265.282680720411
2266.394937039473
2267.229486641091
2268.062016336342
2268.811688912899
2269.451990985491
2271.214458708766
2271.919926006379
2272.563204038806
2273.724056006889
2274.664418712935
2275.182522819228
2276.190256045313
2276.972666158167
2277.720807654830
2278.798402879190
2279.884161271867
2280.789482758738
2281.993981599816
2282.410622638112
2283.786764812685
2284.379049461636
2284.705926678732
2286.121124011863
2286.978214167789
2287.643472180039
2288.547629910323
2290.065826368689
2290.999679091484
2291.393284147251
2292.508513123320
2293.169883474327
2294.350600744206
2294.891613475774
2295.750073782123
2296.628449534313
2297.701599992695
2299.036949275849
2299.689963966632
2300.698695317730
2301.193763355069
2302.516156855582
2303.130714833664
2304.053377202145
2304.339928120725
2306.008616581601
2306.523882161479
2307.932492300267
2308.496019360918
2309.778548246505
2310.572307186442
2311.127663172311
2311.911446055632
2313.066734337902
2313.830435743901
2314.451042056075
2315.719233921684
2316.635209779830
2317.790739029167
2318.778451439152
2319.235699805785
2320.159658073271
2321.027609551950
2322.000511919190
2322.850607463836
2323.415543516004
2324.365941220625
2326.145169555177
2326.572725976622
2327.270821465162
2328.489315391472
2329.214981038215
2330.162805703554
2330.708705203845
2331.623278355839
2332.620228296337
2333.429718617576
2334.749775795890
2335.597420680548
2336.366179317865
2337.604705824233
2337.998908869503
2339.139696091998
2339.636534899078
2340.539098037759
2341.823847089850
2342.325644635815
2343.300855007828
2344.825963710194
2345.533477128267
2346.270985027183
2346.880857652707
2348.211251686437
2348.571188661892
2349.896074371225
2350.268194837179
2351.175614824792
2352.785512500783
2353.286208412795
2354.730855863793
2355.025266445029
2355.950819512805
2357.030730321127
2357.881268675767
2358.479163129892
2359.172279456229
2360.400347939558
2361.499256066637
2362.434329600152
2363.166821301371
2364.358469664415
2365.147197595177
2365.821998322840
2366.452368206102
2367.591763364803
2368.498056535832
2369.087448813251
2370.247431114934
2371.420779640281
2372.340150335402
2373.121264213660
2374.191990645816
2374.531423503081
2375.572775072935
2376.594909031672
2377.441403121451
2377.916660383185
2379.073916688522
2380.510601481183
2381.341827234743
2381.979773461504
2382.645549954093
2384.068643725918
2384.750108829111
2384.985731992813
2386.388310979456
2386.935368695270
2388.150418830671
2389.231049149748
2390.179370872495
2390.887610741483
2392.037252731946
2392.622553034810
2393.483760946125
2394.398804756704
2394.934148865907
2396.131154998129
2397.212393189565
2397.671197351777
2399.292420082458
2400.040287675239
2400.771629360127
2401.535079443395
2402.264450348391
2403.512489599786
2404.079439107847
2404.848286243887
2405.739504971213
2407.043755576008
2408.195332055213
2408.711519823631
2409.728213462392
2410.577959238609
2411.205307928283
2412.543687601011
2412.811728808560
2413.794027581001
2414.597146591172
2416.268814357898
2416.682572883057
2417.659358605333
2418.737517904804
2419.555400301764
2420.278680909580
2421.124552182548
2421.647631032821
2423.131909425582
2423.550870756341
2424.513932290022
2426.012478035587
2426.627189001446
2427.532034724231
2428.586811651454
2429.036320405836
2429.886932288065
2431.063002990008
2431.629031082456
2432.600674354282
2433.336577155501
2434.828380278986
2435.769400767493
2436.567792042886
2436.880233751251
2438.265862136779
2439.122001375537
2439.731333967824
2440.394018613756
2441.465801359850
2442.478829620544
2443.624455175275
2444.472382854576
2445.312824644429
2446.358687143302
2446.885224983539
2448.127843341712
2448.429040671088
2449.431198803143
2450.459081594463
2451.238141188511
2452.645929113660
2452.994527287195
2454.629210099915
2455.177717104874
2455.765471312316
2456.593310066100
2457.708709947362
2458.484365126537
2459.265310373118
2459.959327827796
2461.256362189247
2462.525857947125
2463.154141515115
2463.822108219328
2464.955491934607
2465.652075006841
2466.392708017980
2467.458303714395
2468.235692056150
2468.618223520874
2470.416290314380
2471.113753329988
2472.049275898706
2472.751577970586
2473.852962270665
2474.792451765141
2475.185640755249
2476.073536481548
2477.005816777694
2478.215278687906
2478.650071400082
2480.018834544933
2481.045916044957
2481.851452403606
2482.560912304552
2483.514157267678
2484.159162124748
2485.113218459475
2485.902657950912
2487.036780402483
2487.399525956963
2488.913089483875
2489.986165308591
2490.794234968458
2491.323297802543
2492.252167423877
2493.202798642094
2494.242805045459
2494.791419590615
2495.246049997156
2496.820198348635
2497.694532203686
2498.667720282402
2499.645544423504
2500.240780796576
2501.378674658938
2502.098713351262
2502.709879361939
2503.730687209281
2504.473086370843
2505.411885698074
2506.645630328042
2507.469716986596
2508.302352094490
2509.595711638579
2510.154613094347
2510.680240342385
2511.612975584236
2512.922626612827
2513.200680859417
2514.399754719287
2514.977731540611
2516.869326319652
2517.101917471968
2518.131815695152
2518.983924590343
2519.685659662697
2520.888705663686
2521.229733859560
2522.380942482804
2523.024176891570
2523.986303979750
2525.514860741815
2526.213323888011
2526.775975105307
2527.828649313726
2528.916964999147
2529.461581107680
2530.230590822835
2530.992464000239
2532.048376480431
2533.049844663090
2533.966385167511
2534.869845104023
2536.300407247043
2536.550191302438
2537.405911375804
2538.476936194572
2539.124509044917
2539.882653833638
2541.118403665700
2541.549647007171
2542.737917834982
2544.007458259839
2544.781486241345
2545.630908017963
2546.397577521065
2546.933203982559
2548.346634362825
2548.946542960519
2549.515512402758
2550.376901403021
2551.793175772515
2552.924007268450
2553.298982906464
2554.541609881838
2555.201784353386
2556.196719966826
2556.906072098783
2557.594566040230
2558.599778986841
2559.322047852645
2560.451531770987
2561.634831613964
2562.245524423746
2563.386194506108
2564.115029542534
2565.234356748350
2565.495740463721
2566.327845915125
2567.759953273513
2568.253912905219
2568.907858915230
2570.333122149354
2571.388790858127
2572.225649609513
2572.985233996075
2573.508878923062
2574.884598348764
2575.302563006478
2576.324922472916
2576.951656794318
2578.012263245296
2578.946468309800
2580.395921733739
2581.085407177130
2581.405709667084
2582.785070251586
2583.542373844151
2584.252609834157
2585.138885832013
2585.654780591772
2586.886932653606
2588.061719025874
2588.647144418296
2589.834962706469
2590.765846490430
2591.673682996799
2592.016092709090
2593.205989672733
2593.814624456591
2594.942168246335
2595.449704259979
2596.668818766846
2597.549926257587
2598.797890175589
2599.512285978350
2600.433731136995
2600.922007714783
2601.901852035347
2602.908431005370
2603.646736992081
2604.483453490473
2604.977555639127
2606.816734985606
2607.508590299641
2608.111136193128
2609.097263298458
2610.240819219767
2610.619653042668
2611.636985609844
2612.515913721182
2612.984852837722
2614.329161623585
2615.130842875781
2616.307059431401
2617.283705006513
2617.684941228607
2619.186823147829
2619.493675976487
2620.383700400504
2621.038872601322
2622.255172155549
2623.139317954812
2623.615019797534
2625.092827110633
2626.065647046695
2626.936874457264
2627.554429455561
2628.245541845161
2629.364536923371
2630.288972380297
2630.678974975191
2631.802545947908
2632.550291541967
2633.909993885649
2634.841840374053
2635.612524417151
2636.504798106722
2637.008633407740
2638.347445210082
2639.040817050126
2639.447672551910
2640.479859495846
2641.492452551478
2642.710838131470
2643.496144712041
2644.262884660747
2645.456153531040
2646.198550276411
2646.871338837941
2647.458236232109
2648.724861854257
2649.388677525390
2650.085135458069
2651.378056654614
2652.194723751055
2653.359488684361
2654.170212486783
2654.898135149363
2655.595135242659
2656.552662992679
2657.304900535878
2658.340960157588
2659.128258246533
2659.519699533842
2661.534752463202
2661.939541012980
2662.880744680584
2663.496235762733
2664.756247208700
2665.288962849744
2666.315666432766
2666.717891679624
2667.874059956909
2668.670822545932
2669.931443646589
2670.781893470896
2671.699944385337
2672.487393208520
2673.386066978509
2674.228623577099
2675.013821142217
2675.505677453164
2676.708714258905
2677.602800227595
2678.471427151648
2679.355601392913
2680.930994708903
2681.226301571940
2681.970732067349
2683.135454872657
2683.476388082149
2684.823444976050
2685.570920588223
2685.898021703193
2687.240591387973
2688.502435059800
2689.148801623037
2690.354044818015
2690.773266234240
2691.654325093567
2692.633518400205
2693.616338425091
2694.064917095895
2694.831337039202
2696.015762461052
2697.136440095622
2698.340418209326
2698.444720179436
2699.815216962034
2700.903768056258
2701.201069842459
2701.960907067214
2703.078599502519
2703.837175187236
2704.745496593043
2705.586680118408
2706.950461675688
2707.580223825917
2708.684498816903
2709.294069706515
2710.207406123331
2710.781022953330
2711.851295229780
2712.726310617196
2713.430922721410
2714.227821861392
2715.534420294051
2716.927095553985
2717.116970684330
2717.870100484757
2718.969120061184
2720.090234962075
2720.402918870609
2721.306650456665
2722.171635371127
2723.139073303286
2724.266976169219
2725.480949514675
2725.719490797294
2727.156618390816
2727.655622712742
2728.486620930076
2729.536333968890
2730.047970797362
2730.775742364902
2732.183326393243
2732.792795800693
2733.808677592899
2734.967101630697
2735.803923414530
2736.601409480491
2737.138267999909
2738.019831943506
2739.135566802338
2739.780784838971
2740.623097940578
2741.300850105848
2743.038255900389
2743.433822790415
2744.525251279978
2745.361722109474
2745.891040223742
2747.084027800107
2747.624136938698
2748.751602703984
2749.193941021960
2750.063964419547
2751.725230665984
2752.254608441167
2753.156465988165
2753.994304135500
2754.970644036895
2755.850833286788
2756.460744858186
2757.012191885678
2758.251135925147
2759.209904453303
2759.730104820741
2761.210654313127
2761.984476782537
2762.820065957612
2763.729055058598
2764.467252344666
2765.130749853874
2766.037918039524
2767.144715521947
2767.540323027273
2768.743062329118
2769.554511706238
2771.077529502968
2771.581908619270
2772.414108761201
2772.870943598565
2774.368947918618
2774.827521344737
2775.583360098699
2776.408091638318
2777.265530081880
2778.646708008355
2779.448886606583
2780.243917055233
2781.250541412331
2781.927798571639
2782.881328856118
2783.629168067776
2784.286297499394
2785.321633939390
2785.906574465717
2787.345416238636
2788.051282268514
2788.936689553451
2790.111229067281
2790.827459436160
2791.645794791635
2791.990279794083
2793.315807226011
2794.038744759461
2794.881305406639
2795.564864460538
2796.759981172060
2798.149015742165
2798.660456038086
2799.209810496883
2800.634262502019
2800.887213020713
2801.894373288586
2802.884894980810
2803.641365117611
2804.094493550929
2805.585301014739
2806.713840000339
2807.378381537258
2808.061266379673
2809.104356444191
2809.954763459219
2810.838402397011
2811.351238316498
2812.018481711873
2813.574516452234
2813.884533397002
2815.172629582934
2816.146566460063
2817.068567682325
2817.836282898109
2818.586975871910
2819.414578440230
2820.161417325964
2821.078708829628
2821.897165243858
2822.808831144179
2823.658453081927
2824.972737548402
2825.807347322627
2826.621444268647
2827.293722420433
2827.917514499186
2829.196540160423
2830.016356266383
2830.371786514483
2831.247502011829
2832.637322665793
2833.599114566251
2834.432989047984
2835.254847610371
2836.001020959342
2837.186872330371
2837.552956229046
2838.547727795912
2839.244445818965
2840.238386764103
2840.966488148501
2842.469656719941
2843.031792413952
2843.787030932204
2845.239042440842
2845.657799574357
2846.168091874502
2847.390844999400
2847.853902820222
2849.340714032142
2849.506709082745
2850.599258684060
2852.002885863584
2852.887283564947
2853.511314943946
2854.257138464091
2855.191967539167
2856.108729366472
2856.699358221419
2857.701591926460
2858.435734094784
2859.212019394371
2860.711725777361
2861.474571031843
2862.423298691517
2862.758815470970
2864.054007507362
2864.871255542149
2865.490661164612
2866.232178146986
2867.047208090400
2868.141240332658
2869.512870416095
2869.623660311850
2871.165087166170
2872.041098578553
2872.416555208202
2873.586887002938
2874.110899485488
2875.108787909893
2875.797614396842
2876.953448490040
2877.465965773330
2878.883331244452
2879.696123611981
2880.628177658149
2881.525648831100
2881.983640095916
2882.785786549717
2884.037004614125
2884.781188032623
2885.154553159817
2886.149515333814
2887.712373671876
2888.334137898561
2889.350753949531
2889.870802643167
2890.934399311612
2892.029005135121
2892.204566052818
2893.349473956442
2894.089047520378
2894.926054713908
2896.055902039586
2897.172638124041
2897.890057944698
2898.704282881889
2899.698383633188
2900.583421260949
2901.232014251680
2901.630309454790
2903.120763050947
2903.634067258849
2904.580844600786
2905.507402984241
2906.814027868668
2907.620963406769
2908.279959258705
2909.023841845887
2909.826475037497
2910.957407246476
2911.568136408237
2912.125541848912
2913.476078219871
2913.952842448991
2915.573545668379
2916.319454445226
2916.797086595114
2917.803716782770
2918.677868683167
2919.510486422611
2920.360059144137
2920.911757620299
2921.703848215752
2923.063984547240
2924.106600746143
2924.558103304623
2925.801954072809
2926.680827379817
2927.383495488426
2927.966637235485
2929.066569788050
2929.604331293227
2930.752454149116
2931.359843841390
2932.492464923634
2933.592520594268
2934.342539363040
2935.533117070535
2935.858371704023
2936.867421024302
2937.477611063483
2938.584122578425
2939.444596790185
2940.009153625700
2940.786730195795
2942.521000422670
2943.175525444207
2943.682342761778
2944.729277020478
2945.646070981399
2946.304022698183
2947.333451393974
2947.807506282098
2948.650483317204
2949.838895189328
2950.634911823777
2951.982104749198
2952.434071160079
2953.465810857225
2954.163048187074
2955.386659771280
2955.757712508551
2956.310742010666
2957.635739070987
2958.413981924934
2959.185518900909
2960.344171085843
2961.243655166459
2962.419546549465
2962.972111801812
2963.408635192418
2964.576554194638
2965.523692859348
2966.056826185019
2967.032946173982
2967.694436855182
2969.047718020746
2969.948280238673
2970.907774537897
2971.673736738785
2972.182224016682
2973.287929889181
2974.218846250608
2974.733109404821
2975.766811071947
2976.138742555909
2977.786352859548
2978.526831322790
2979.587870187064
2979.945025463588
2981.492024662992
2981.890243765258
2982.598082036282
2983.358702129373
2984.560559908665
2985.020139554506
2986.052130070019
2987.211918933443
2987.961675677322
2989.218617314527
2989.700312202120
2990.615282705567
2991.390288991042
2992.119402388319
2992.933551925332
2994.148669163716
2994.541072232237
2995.359899350231
2997.024920788488
2997.801072305259
2998.250426197481
2999.210214933211
3000.064796488791
3001.023245299197
3001.707601029636
3002.402544279168
3003.179700808253
3004.296519787414
3005.392519441147
3006.201925498935
3007.313596314072
3007.722012255164
3008.815570236813
3009.726223100973
3010.212629196487
3011.217139457080
3011.728454822136
3013.035067572514
3013.917330322608
3014.602083184637
3015.997951227020
3016.588606997365
3017.560732329719
3018.148503558941
3018.802913396549
3019.946291067602
3020.836124787408
3021.314298904151
3022.203091132336
3023.587329376032
3024.486409916170
3025.191813445305
3026.318211153263
3026.685066222890
3027.554749386745
3028.846652668187
3029.166869776013
3030.033517261578
3030.870952534071
3031.944914308866
3033.432451143746
3033.777678141492
3034.414200239499
3035.846771232494
3036.376110726311
3037.188110874421
3037.754629994286
3038.740926495789
3039.789346656581
3040.349958105375
3041.661499361580
3042.445802119040
3043.563658479848
3044.153064228035
3045.082646499414
3045.795733911715
3046.517656562553
3047.425524656616
3048.311594444905
3049.177289746347
3049.848071311861
3051.165325044717
3052.396587716021
3052.789532042315
3053.489134067413
3054.366649397165
3055.533418812401
3056.141624710127
3056.670529248455
3057.765674938154
3058.451228336167
3059.997437586872
3060.551870702952
3061.434920812564
3062.385453626653
3063.215305336705
3063.787768863371
3064.900736579891
3065.603515409556
3065.989545942229
3067.366040442957
3068.261476211626
3069.221186582583
3069.972760833683
3071.327327107655
3071.629922298293
3072.716060083548
3073.181491061020
3074.062279727887
3075.247601475498
3075.986630708437
3076.268736487551
3077.949093971714
3078.787760918858
3079.651239696323
3080.495995464287
3081.052981254274
3082.191490983460
3082.657790379921
3083.800274320995
3084.519583525490
3085.010666836103
3086.262166276626
3087.704450912623
3088.050038894288
3089.129757325897
3089.607343039684
3091.033788960198
3091.420851825780
3092.264122907810
3092.808388405546
3094.035500927702
3094.906770654360
3095.694308793089
3096.940495016554
3097.722893152467
3098.441311070836
3099.568509971496
3099.961428739064
3100.786853386056
3101.844976675685
3102.466294280410
3103.378948813618
3104.402280946279
3105.186876291344
3106.537295822490
3107.329383290557
3107.886649469695
3108.432402863973
3109.783163346529
3110.352296938616
3111.224124880949
3111.867536882484
3112.673425874158
3114.161486467639
3114.928786077837
3115.715642467887
3116.505873878628
3117.499849604599
3118.228189320131
3118.867049381332
3120.058390981782
3120.310011569289
3121.382101489879
3122.496295853383
3123.597653270677
3124.208963787032
3125.143963947191
3126.306144695078
3126.818667995896
3127.493203483427
3128.253716482468
3129.411482866446
3129.976256562790
3131.094400328194
3131.563069436545
3133.264642813787
3133.915519038041
3134.471431295574
3135.460023853886
3136.342716541625
3136.872226596851
3138.015632446670
3138.590732061276
3139.558570921761
3140.127476796555
3141.838995915452
3142.340636503292
3143.285348780324
3144.054067302945
3144.665326457340
3146.045444285630
3146.545970629269
3146.922855087693
3147.994917948139
3149.176479433168
3149.894499512786
3151.013123748124
3151.820823030971
3152.747707199611
3153.678559636354
3154.100013722289
3155.201046498837
3155.714361767484
3156.819600230120
3157.451997215873
3158.486528214006
3159.434522792365
3160.466789324843
3161.398058414344
3162.363815435509
3162.679339509544
3163.536885817686
3164.605831801615
3165.523013296793
3166.099785146863
3166.641169986808
3168.076479978698
3169.179220732613
3169.914288061072
3170.611507682693
3171.488832108737
3172.405720509733
3173.266170078565
3173.766791066258
3174.653480788808
3175.775339276022
3176.102586639593
3177.877858245817
3178.398869336316
3179.083301741077
3180.318359204387
3181.020770530811
3181.718152751533
3182.502518329599
3183.127647987412
3184.300719415071
3185.059176849791
3185.848038040743
3186.854289484857
3188.271579117993
3188.747688693145
3189.353776594655
3190.377515136974
3191.150134640621
3191.922296435708
3192.778602034254
3193.631618042608
3194.227155673369
3195.530765228855
3196.540975698650
3197.613317306290
3197.929649155928
3198.787283034377
3199.960714075388
3200.486463728253
3201.557790431470
3201.910307829577
3202.771049887455
3204.306103540878
3204.862096078345
3205.848300170796
3206.712372818470
3207.873697445730
3208.142473728390
3209.165145413246
3209.956257428413
3210.614463994413
3211.654606616815
3212.441214059190
3213.318594685214
3214.636162539182
3215.184120294210
3216.285938255014
3217.046261941829
3217.783444553148
3218.157602887735
3219.615659626614
3220.314672309943
3220.737606516843
3221.724026720285
3223.081172533268
3224.052417170371
3224.821022079055
3225.252735677443
3226.436852355019
3227.199727417721
3228.124751566401
3228.436304497618
3229.698612658773
3230.209598933159
3231.449951283820
3232.498555683746
3233.456110743917
3233.873895328084
3234.986520480015
3236.067392124387
3236.307413839235
3237.338749155090
3237.908423824860
3239.147158634097
3239.878120500440
3240.719048697770
3241.874771786855
3242.841445562993
3243.616756885261
3244.501879019456
3244.651382646713
3246.168883189991
3246.805809242773
3247.271352268250
3248.563882425863
3249.062202757613
3250.433100634580
3251.462545077784
3252.101052319262
3252.811740544238
3253.673228519965
3254.523949476478
3255.393002810919
3256.216622511372
3256.698110352737
3257.597041725936
3259.163979730708
3259.866982035409
3260.313349334183
3261.812086686099
3262.153645593425
3263.230077035148
3263.797201634019
3264.600670629740
3265.433546993031
3266.519060342167
3267.011325424179
3268.427754233239
3269.105641525049
3270.214675297112
3270.811939839834
3271.857523550713
3272.339414831685
3273.083777049633
3274.174949990099
3274.997108351987
3275.694630369337
3276.365651848377
3278.073751084399
3278.688513440438
3279.328152539999
3280.231887052571
3280.932882440112
3282.104029095423
3282.537946463099
3283.465569879554
3284.041440433787
3285.206319006166
3286.244646416540
3287.116361852482
3288.298885587962
3288.529903354049
3289.587954286923
3290.637137784598
3291.422350266021
3291.554527316175
3292.856786303358
3293.688425668638
3294.600411656880
3295.735564975442
3296.281282619588
3297.696305822788
3298.314750604115
3298.791328848499
3299.684338933278
3300.577801841629
3301.608453489249
3302.047481308240
3302.933488466080
3304.083960269259
3305.044424525967
3306.220954142422
3306.613740047256
3307.517209215329
3308.384691573577
3309.017643835590
3310.183282492870
3310.753631448995
3311.320687558937
3312.384600921172
3313.730262427750
3314.679858022375
3315.028130237418
3316.009847464780
3317.274366228291
3317.702803425204
3318.288600492862
3319.314059568175
3320.100037809894
3320.945040726403
3321.934566255688
3322.944382792805
3323.818708837986
3324.841235432030
3325.413811572658
3326.321062260573
3327.066319503650
3327.791799865995
3328.541633624816
3329.785838614088
3330.258142958367
3331.027713578369
3332.875158765490
3333.009829497881
3334.197182953127
3334.600250151520
3335.594940874521
3336.552397468282
3337.277608714425
3338.103090450334
3338.462162563237
3339.972970307802
3340.748431751059
3341.904361498061
3342.495578933345
3343.407117493271
3344.132254417829
3345.121985673163
3345.725550411055
3346.760655194183
3346.958913603406
3348.389302966470
3349.239689897673
3350.238546920135
3350.982302887297
3352.035548731568
3353.017441539594
3353.385391630573
3354.201227057614
3355.047086019778
3356.069498290488
3356.954928163382
3357.219777030068
3358.673418998530
3359.916342641550
3360.233173938719
3361.502213836631
3362.131762416629
3362.544662773050
3363.968311740302
3364.377873384232
3365.228822039281
3366.188052953513
3366.704367815476
3368.352108125202
3369.132322515323
3369.709559955816
3370.402774371612
3371.662479194873
3372.399042944488
3372.846330422016
3373.644816814273
3374.737635652593
3375.356284659786
3376.616940893618
3377.326509755363
3378.414347672192
3379.247768625158
3380.000953830956
3380.711006775149
3381.687476364373
3382.168718112928
3383.131107108309
3384.069701307205
3384.856946755720
3385.714631436302
3386.866839203413
3387.983458314317
3388.600717801121
3389.034779870309
3390.036824602028
3391.048698608073
3391.734458372763
3392.497269955460
3393.130200228111
3394.165907925016
3395.667670539043
3396.048993228971
3396.984150451481
3397.910964004751
3398.695971346208
3399.314112309614
3400.413564019929
3400.976304843890
3401.663979961130
3402.593117036936
3404.005004398132
3404.472267057705
3405.565971289508
3406.391343118181
3407.244103871636
3408.125624305749
3408.812124492190
3409.095565619266
3410.738845129196
3411.142518471504
3411.838570926054
3413.047802529853
3414.176976598550
3415.035992982361
3415.572900173444
3416.682225358623
3417.075503061288
3418.160577386209
3418.880447190764
3419.782039861264
3420.390191034207
3421.307230621579
3422.546019309449
3423.754322923261
3424.091750400844
3424.814129207029
3425.894185379061
3426.752980937974
3427.521667948657
3428.071596620299
3428.748592365896
3430.152383560718
3430.713512682444
3431.889840993127
3432.799377422642
3433.439235534417
3434.610836656431
3435.084897114233
3435.814277991862
3436.793956656195
3437.463023121967
3438.353976960733
3439.195733909731
3440.384641054322
3440.920796666655
3442.413953567875
3442.959712741301
3443.527595227594
3444.333702815678
3445.255602006246
3446.310015713534
3446.697709854845
3447.715131825359
3448.281691906967
3450.007494770122
3450.549892859708
3451.267429467364
3452.149872122634
3453.221382260022
3453.575617856157
3454.685124421454
3455.359554676288
3456.071524177894
3456.902318971054
3458.055334857406
3459.224701834672
3459.738659393858
3460.589276091397
3461.689757861512
3462.428292475140
3462.973199394383
3463.793870300397
3464.565645807909
3465.650526270917
3466.487715976521
3467.009439614899
3468.597405618027
3469.193672924080
3470.267428085969
3470.513585578376
3471.690305932461
3472.398852153163
3473.093184134034
3474.109760423625
3474.869961654932
3475.390415961814
3476.994772342286
3477.621245229566
3478.701365942163
3479.393727152694
3479.750487313573
3481.070355854039
3482.025759554826
3482.293552040601
3483.047739788001
3484.148610533019
3485.231692128165
3486.121430975960
3486.969269630756
3487.796364496977
3488.759978618793
3489.452138031847
3490.219057940962
3490.824953832247
3491.912620308963
3492.554383487252
3493.385458005399
3494.632654178969
3495.280401339623
3496.389721485897
3497.296294392219
3497.920670016237
3498.856998511954
3499.082927737403
3500.611161174323
3501.042890645053
3502.014468200858
3502.440752232767
3503.968032596938
3505.013050200257
3505.553056458976
3506.421976415382
3507.040081391004
3508.347065508752
3508.724597206439
3509.418636786052
3510.567944392288
3511.047572887835
3512.070051051048
3513.545913039628
3513.970712217638
3514.822551685248
3515.727082769064
3516.707554229445
3517.323443086849
3517.968704344269
3518.871346245214
3519.538475801608
3520.910477433674
3521.303157930120
3522.362176796437
3523.670193896613
3524.418008534259
3524.732339662824
3525.932503314084
3526.489035491981
3527.333395101440
3528.535611208107
3528.658034421856
3529.880686260952
3530.783350473926
3532.012575479938
3532.824102267303
3533.428902171627
3534.354039270961
3534.875929096757
3536.079178917670
3536.781879130065
3537.423292329598
3537.963753562314
3539.319800857158
3540.446304889931
3541.123472181054
3541.774563909230
3543.094660402365
3543.494895184111
3544.385524208865
3545.227867739651
3545.759149077214
3546.798523387573
3547.670183454224
3548.421900184050
3549.650836401565
3550.574569650413
3551.062775988508
3552.472366501041
3552.787898640982
3553.458865773369
3554.328605371605
3555.480197131702
3556.091594963260
3556.690554421797
3557.785863361588
3559.087291844587
3559.859909209346
3560.696161940197
3560.990092153892
3562.242837665517
3563.138877241834
3563.619721509417
3564.416144151632
3565.360230686147
3566.108021183431
3567.285078061900
3568.466105636798
3568.865647845761
3569.757839064170
3570.740256691625
3571.415067471505
3572.380016234895
3572.863266888022
3573.544624336893
3574.870807921400
3575.449932079786
3576.681576375747
3577.241920995067
3578.535616936327
3579.355809072412
3579.702188304361
3580.526694686342
3581.609912546530
3582.262951728365
3583.075502868651
3583.852752492730
3584.801673300617
3585.908111710665
3586.978813287322
3587.533964800173
3588.446871845679
3588.989683953180
3590.098646982511
3590.632510816017
3591.771794104103
3592.401070639413
3592.681627793697
3594.639451956787
3595.188986505112
3595.866518566566
3596.928272572831
3597.593421140548
3598.660088299772
3599.185948387587
3599.862383855115
3600.769182065377
3601.662080058072
3602.537235708762
3603.445944318724
3604.645309264053
3605.245274608761
3606.105295223295
3607.127765276671
3607.628937462346
3608.389811629927
3609.154889533102
3610.250496279437
3610.978863912380
3611.583378309018
3612.780511448992
3614.119253304375
3614.550385988841
3615.319054056168
3616.061429229918
3616.960331807732
3617.923304243854
3618.559435435616
3619.179520890285
3620.040791782611
3621.311767956629
3622.088126731960
3623.145449844620
3624.027432737989
3624.298737583884
3625.597632406395
3626.267252133579
3627.148001610251
3627.463701736310
3628.696125912874
3629.330050788895
3630.806045473529
3631.186690174008
3632.228356760838
3633.257082453079
3634.124426275891
3634.606150277088
3635.155655423151
3636.460394353730
3637.099291439093
3637.723766173818
3638.806259255973
3639.589184039213
3641.015751576971
3641.477839043368
3642.386706998511
3643.155881481934
3643.913861445572
3644.578423981401
3645.881863194201
3646.070407370517
3647.171187491250
3647.732588782647
3649.409785501218
3650.072572917233
3650.695309542028
3651.406295829974
3652.685480664226
3653.166659172319
3653.962122232651
3654.654900606658
3655.454994521969
3656.511450382861
3657.273819885717
3658.505153005579
3659.072762623144
3660.243463443069
3660.890868508085
3661.509797374271
3662.653230616998
3663.099215452018
3663.766304903805
3665.045105887072
3665.713188642352
3666.377072384343
3667.681596059608
3668.801647248504
3669.184169555695
3670.246891243365
3670.623230257415
3671.638111007305
3672.732275926722
3673.298732974962
3673.738187422440
3674.890668863508
3676.109494714208
3676.902350855798
3677.795394559505
3678.543044757258
3679.301557407185
3680.087281760595
3681.174271618962
3681.523415495321
3682.467719900681
3683.161499768770
3684.253810479221
3685.484200646872
3686.002231041660
3686.866104593564
3688.004641554431
3688.646292574031
3689.388654741900
3689.929892743596
3690.868293032512
3691.970923029630
3692.562548910873
3693.183085052561
3694.858043530353
3695.172237550852
3696.494147578022
3696.956997555832
3697.735294554910
3698.559892933764
3699.444137192943
3700.140250673388
3701.072059578399
3701.670480938594
3702.621311858272
3703.985286152710
3704.876523288644
3705.446778543115
3705.840431216911
3707.582706880128
3707.631348063126
3708.537037435169
3709.426182980231
3710.014363467414
3711.115449811573
3712.239294979503
3712.889597185029
3713.900200462458
3714.854038617503
3715.435623601518
3716.245849472357
3717.230058781782
3717.605747924040
3718.679599409747
3719.352841255577
3720.561759493221
3721.080047933480
3722.317656310801
3723.243937260671
3724.129426527455
3724.591800324353
3725.336993307840
3726.259924235780
3727.298055223878
3727.822874560915
3728.569112797662
3729.377979709736
3730.872292171709
3731.660157443705
3732.129895440639
3733.276034768491
3733.861161668937
3734.808158611355
3735.398878187139
3736.520320713223
3736.934194656731
3737.654957307284
3739.140819895224
3739.754054829622
3741.031988593721
3741.265599800032
3742.406652655727
3743.390398049323
3744.066868621546
3744.371392364649
3745.416861864410
3746.599668716047
3747.068544466913
3747.933391931095
3749.205105319009
3750.088916753906
3750.802753411758
3751.660557074261
3752.328482376629
3753.001728584812
3754.191924737325
3754.563559292075
3755.557398630506
3756.392799730598
3757.167178161003
3758.594677140778
3759.443568924147
3759.782743828964
3760.824684177438
3761.407785388152
3762.746344016110
3763.168379706474
3763.654040659653
3764.675207725968
3765.706588450193
3766.708703404269
3767.704588902782
3768.203470967504
3769.446875111191
3769.951463942471
3770.947180458434
3771.402180638588
3772.364110408770
3773.225388000010
3773.820366293330
3774.955170019453
3776.031747951335
3776.531299060342
3777.870369095470
3778.633046521600
3779.093479608262
3779.867786561642
3780.814875052784
3781.575540202314
3782.540981287401
3783.154366246920
3783.765091786680
3785.452008484615
3786.221266274155
3786.600462772133
3787.684010252405
3788.443759684915
3789.248501932764
3789.967975061448
3790.873088272703
3791.486680348555
3792.267970377836
3793.416386782433
3794.546313613213
3795.294176118452
3795.866227282477
3796.915805270703
3797.729474721839
3798.501164412897
3799.281895274428
3799.546127164339
3801.094087637718
3801.540548678370
3802.626712142851
3803.425458547562
3804.700813050160
3805.371933837708
3805.917156959811
3806.818298360370
3807.720175117488
3808.203805736962
3809.350407312222
3810.044189965513
3810.602055273106
3811.955197715805
3812.787105397508
3813.851403186789
3814.525389626233
3815.170584108927
3815.786483014531
3817.164162758031
3817.568244968862
3818.398506200695
3818.866606109132
3820.171674698618
3821.264807381719
3821.966604987073
3822.998887822584
3823.378724231973
3824.824777329046
3825.236091079813
3825.717828917090
3826.935055669296
3827.512643229568
3828.340655953163
3829.318466411934
3830.452742552552
3831.099144904271
3832.111291746100
3832.957907278763
3833.819373290347
3834.225432066151
3835.061711719902
3836.065412971162
3836.906765170088
3837.615964622227
3838.225810109743
3839.674758045636
3840.620791577858
3841.420657308325
3841.732237904904
3842.837533906054
3843.740804089342
3844.431059164900
3845.062417699754
3846.003757206061
3846.718463512308
3847.664472250871
3849.048063350569
3849.646875765095
3850.262573328281
3851.280673619518
3852.086477024343
3852.849682104735
3853.589828221735
3854.327414606905
3854.877246748358
3856.347593556542
3856.940905175706
3857.725903069211
3859.040009949780
3859.706626450981
3860.385764832496
3861.295603101546
3861.761949523899
3862.854826692838
3863.548108936288
3864.396924718950
3865.098718266280
3866.116208926482
3867.474094894237
3867.800493317576
3869.094235825324
3869.563454056733
3870.113649979616
3871.224609554193
3872.260500311282
3872.532773292072
3873.516170011346
3874.132637178263
3875.825137341777
3876.320464431337
3877.081519638918
3877.962576088097
3878.888529258377
3879.627541378025
3880.332206464985
3881.102843663527
3881.694704765991
3883.115044878863
3883.264566233329
3884.752838922969
3885.613558014411
3886.280719270101
3887.219807899872
3888.105496982418
3888.873958265632
3889.187417196026
3890.250035079537
3891.489649619351
3891.634248687311
3892.781741874537
3893.711078909213
3894.936421795926
3895.802596967438
3896.245374981292
3896.844187996222
3898.112464399291
3898.741004063614
3899.486017300957
3900.094095529644
3901.197487985604
3901.801374098674
3903.403945342449
3903.758082885211
3904.796486209922
3905.465102872194
3906.236780289853
3907.301958651199
3907.802565426978
3908.670328154733
3909.193577582036
3910.307103069226
3911.419420367776
3912.190784561708
3912.900884658561
3914.081220668106
3914.967080790533
3915.236167431909
3916.268458522641
3916.861502815977
3918.067800243715
3918.481943702540
3919.415436878858
3920.371492256261
3921.434002861834
3922.394254490065
3923.206633765380
3923.659229326841
3924.822249284618
3925.243553516018
3926.116216795020
3927.370711773043
3927.715901409721
3928.171687814296
3929.836994492323
3930.753693535904
3931.471612078270
3932.010500057595
3933.103954761738
3933.856464711066
3934.670988891653
3935.383090483538
3935.885763558499
3936.974684147383
3937.979980963077
3938.616525168912
3940.012485330424
3940.500037504160
3941.340219389303
3942.331392308335
3943.012935424125
3943.694269972130
3944.349451618934
3945.364816872514
3946.160565654350
3947.061172935950
3947.756351736902
3949.050675400475
3949.990235586768
3950.528456810562
3951.335089398295
3951.886389535986
3953.034182100132
3953.864781179891
3954.353748637519
3955.102283442437
3956.147644060565
3957.372212440251
3958.001174143124
3959.263537151899
3959.440135261243
3960.431814140096
3961.417969632726
3962.079157608442
3962.824252529006
3963.538923333147
3964.302444022567
3965.423717774697
3966.564351606175
3967.241463122089
3967.774951986611
3969.252339313150
3969.846350653693
3970.070832577472
3971.156747996996
3972.072482277608
3972.711836287408
3973.723136578111
3974.357339077461
3975.499169077625
3976.742482150990
3977.041387728425
3978.190834199770
3978.657711206800
3979.633957689857
3980.247243380954
3981.183450429448
3982.117442896950
3982.581243938381
3983.455556268424
3985.097571309579
3985.567436799600
3986.318909263417
3987.066615722136
3987.913562742488
3988.979780611795
3989.601176327621
3989.941260338746
3991.172969052713
3991.769236212872
3993.085870954313
3993.792401580263
3994.659995260265
3995.716891132895
3996.264151596908
3997.025558531320
3998.100340386221
3998.519938163012
3999.243538119136
