4.899973997007037
7.628428841769398
10.80658816386171
12.31054299423653
15.19575425064512
17.02228597430835
18.80595890770715
21.13164596222134
23.08384999620055
24.20196355781560
26.95853518038047
28.09744496063080
29.93076421015191
31.63813949132102
33.84563089515844
34.74577700617002
36.54166385177459
38.77557777387007
39.78688099766664
41.34220616442194
43.22748486414775
44.73172751684639
46.53940182717763
47.13331010931800
49.72903299375465
50.78365349771943
52.11652281300733
53.70372015986775
55.45033911162150
56.83325453112005
58.12104502579074
59.40110674696005
61.43000633164558
62.81928311874073
63.43435746367355
65.57427813153661
66.84109417748440
68.37397872104949
69.59121912971876
70.69754856819200
72.83828228705806
73.81135831336951
75.06672538591722
76.30944552429943
78.45053602540262
79.02464159155390
80.82106581498566
81.73922125397434
83.32411546042567
85.29893480655949
85.73222314341508
87.06775311980655
88.93672812356185
90.09661003889634
91.45594205640152
92.50453667690610
93.88743216128985
95.45362516658373
96.83800105511810
97.86218087578459
98.80080765157556
100.8713419963563
101.9603625294183
102.8315462697071
104.5793799300285
105.3125698325478
107.2924967276351
108.3047353486194
109.3960105776220
110.4522404704855
112.3593031688584
113.3811840570810
114.5681289126567
115.5434140397131
117.2542546299494
118.2552772740767
119.8978044519196
120.8269344246373
121.6079569113393
123.5805155637778
124.9505099832325
125.4600164306682
127.0689406103761
128.1110557707851
129.7048617285660
130.8400129437810
131.9857649653191
132.9922942040661
134.2576663337276
136.1618647628437
136.7918206292782
137.7816711290119
139.2374452642515
140.6912538745626
141.6395989805810
143.1770811083323
143.9866732503995
144.9556322901374
147.0193825749696
147.6107104728251
149.2260409146970
149.5787829164505
151.4429574321963
152.6814097075162
153.7376361770764
154.8430320700534
156.1119855857800
156.9479995961081
158.8770673126101
159.8789164891793
160.3953763371959
161.8882251311609
163.3375992371909
164.4639793753018
165.5355257210641
166.7483978236233
167.5910364042186
169.1250584834272
170.4117923840824
171.5303905767573
172.3813325107214
173.3618860785566
175.3419990180436
176.0344172315061
177.0184116841815
178.6156476008379
179.1174861859078
180.7600082671661
182.0494480510010
183.2926202492649
183.5877428510568
185.2436070300391
186.5704955703300
187.8369434792270
188.6175673826078
189.6669406216901
191.1062693601949
192.0485000114701
193.5750807850451
194.4897471957136
195.5413529719159
196.2503618232154
198.5177436884755
198.8004426639950
200.0556032249886
201.2459754069134
202.2319394753118
203.5850782619007
204.9017889580045
205.7167008837510
207.0101347738305
207.6104932155773
209.3254913742305
210.6463960153292
211.3419307392570
212.2404218365824
213.6513559141212
214.9474447273940
215.7630916017749
217.4168504170069
217.9580794808245
218.8906264692812
220.4536918421620
221.7807715410313
222.6332201941763
223.4841539127516
224.7182391437081
225.8777662632125
227.5562026773801
227.7665263838109
229.4119340261844
230.2830211801988
231.0930471175855
232.9964689310545
233.7820992248912
234.6756280356793
235.5516547458901
237.0806666338495
238.2124496061400
239.1306794135872
240.5442437104245
241.0666330925132
242.3371250823913
243.6161746057655
244.9181533149023
245.7962111087935
246.7606485801651
247.5223864138019
249.4969072751721
250.0242070615054
251.2338078644623
252.2169297882835
253.4888046244358
254.1015390198996
255.8669797449180
256.9727126635109
257.4235305933892
258.6540352656128
259.8083364493665
261.2131428920748
262.2851561736213
262.8753800033453
264.3106927301651
265.0522105303140
266.5454948347409
267.4299904804580
268.9042409061687
269.5158098205629
270.1542114349807
272.0333900559200
273.1008617851249
273.7519347693607
274.9841198691602
275.9725890883824
277.0078857435292
278.2977879193477
279.5248513586598
280.2597113361183
281.3620743462313
282.1640853837408
283.6860572122909
285.0086825200578
285.5640137283827
286.4547931992042
287.8366427325386
288.9116596602773
289.8705585253709
291.3095682055553
292.0049494403922
292.9416560190348
293.8827513400085
295.7645038564649
296.2277693655233
297.2749847890374
298.4601372896250
299.1203636013448
300.8677448917188
301.5219726983173
302.6741125267898
303.8457633861666
304.5113213399586
305.5676016652367
307.1769912469600
308.1324690007166
308.9162233763908
309.5823333095931
311.3237433670230
311.9492411486516
313.4171775054803
314.1439668913415
315.4305024466719
315.9311574439394
317.3276605115659
318.5893973206206
319.6369892057295
320.5223661233422
321.2030750821081
322.4640688017498
323.9717649157265
324.7024391104025
325.5378000851389
326.9913219756814
327.5845530595427
328.5613323823777
330.3228973786645
330.9598783581703
331.9058223547233
332.7785888881149
333.8770065628792
335.4695355266688
335.9604360314615
337.3892412444119
337.9175657313507
339.1387360525119
340.2913586432809
341.2098066996598
342.7510305113044
343.3477711310124
344.0193465279883
345.2464252584256
346.7815678281741
347.6581950011072
348.2822640420439
349.6353491428786
350.4857163561910
351.4065754653367
352.8444930681250
353.8830233567278
354.5585106731201
355.8202691031267
356.2958787305453
357.9653875552569
359.0822601178929
359.8622172662155
360.5468918137349
361.9179435061098
362.8402199291969
363.9519961571779
365.0480284067402
366.1763647600892
367.0333825382422
367.4084846091413
369.3944373067290
370.0774582088495
371.2315992638673
371.9691600848340
372.9578895333911
374.0726124876944
375.3367334994052
376.1494785911920
377.4091842557622
378.0245583644239
379.2710796180695
379.8310478279579
381.7604914122962
382.4957126309694
382.9208229482244
384.2151184620815
385.2747743421994
386.4104627211704
387.3962661522018
388.4417049882457
389.5460269714711
390.0392596077442
391.2574810651245
392.5896826523212
393.6122170831750
394.4595793650274
395.3547068857697
396.0883909173490
397.6702536805070
398.7007014836838
399.2714704943950
400.5956107883975
401.6299284548865
402.0670219089071
403.5017259914999
404.9148117966848
405.5491107567870
406.4016612322169
407.2310716926932
408.6613487217996
409.5199698238469
410.8036057144405
411.5172548367055
412.3307620120993
413.7762135880504
414.1538788560788
415.8153922513280
416.6450413074669
417.8294627604410
418.1906970716248
419.2590028614251
420.8648676831918
421.8618924528187
422.2201216178544
423.7249796255250
424.5101768793645
425.2599311939202
426.7033010251488
427.6646108961343
428.7954098945251
429.3245826982711
430.3905228172983
431.3622204182479
432.8959134660971
433.6375416233038
434.3982425603901
435.3984703102319
436.4635602180795
437.5999836347020
438.3253273267138
439.9668572031617
440.4174856366064
441.2808135066284
442.1614945290258
443.7178049040608
444.5732357618458
445.6049971231991
446.1594726592389
447.5316919829734
448.1458492479033
449.5610982340000
450.5731407562945
451.2738556273085
452.5995085357245
453.1709055126225
453.9441345466397
455.9139301150881
456.2472198023601
457.4011498225807
457.9960443295438
459.2332877100529
460.4193006412633
461.1265226388188
462.4602058573235
463.3443734103743
464.0652013080549
464.9402379048406
466.1903001065589
467.4204878160542
468.2133844597193
469.3050762723772
469.6639631580791
471.0517905406383
472.2408035175902
473.1983448485209
473.9023069627821
475.2119694461127
475.9602010652455
476.6304886006852
477.9807606355625
479.5650337491076
479.7763480977843
480.5845277998563
481.9485607111516
482.6302249986644
484.1178094531807
484.8655554061518
485.7374869561770
486.8905921944044
487.5047182661043
488.6432936687186
489.7744569293323
490.8677860078322
491.8563663504230
492.5155092928467
493.1061548271474
494.9038076634004
495.6440109573190
496.4643661885284
497.5902785106288
498.3994045604803
499.4274404352911
500.1467432170286
501.7453339826046
502.4603760042586
503.3262554958444
504.2000976430350
505.0439976119778
506.2854616268131
507.6518902274575
508.1040328744042
509.0517887130981
510.0421739581310
511.2367442584576
511.8266926851369
513.2157822516229
514.2952162973828
514.9455192220931
515.7683389794059
516.5918398113723
518.3184196028117
518.8627614054447
519.8161865252494
520.7546595037690
521.7877797758599
522.4087972246414
524.0923658730000
524.4533277846649
525.8188254025341
526.7518684839429
527.2213981962826
528.3112394286278
529.6460796239238
530.7978139419364
531.5322783574535
531.8973652148849
533.5025690987117
534.1843917201582
535.2702065321795
536.3210183039761
537.5687254879197
537.8704340022418
539.0339770709531
539.8339615155021
541.2920103171488
542.2346581623201
542.8634109235778
544.0425510526473
544.4536482974014
545.9869624900833
546.9145219624957
547.8005264192175
548.6891756172542
549.9342562939508
550.4413926345882
551.2013740779781
552.9817321653155
553.6813264858142
554.3831505984584
555.3598833278329
556.1682642347591
557.4497685168103
558.3707038637427
559.3256183507121
560.3813416682089
561.0296713257667
562.0104588083376
563.0430091423209
563.9931533187393
565.4120326243170
566.0665813405015
566.5798229281465
567.6462519151529
568.8941439572528
570.0257583567404
570.7041576641381
571.5689744149142
572.8818604474936
573.3918232735511
574.2056587755766
575.8872537740441
576.4470804620578
577.5282051746068
578.2103845125239
579.0743239582892
580.1834652914780
581.4650576279314
582.4116547704457
582.7969940911701
584.1524338727659
584.8475028558722
585.9556564356806
586.7909611351897
588.1879828278099
588.9006743368337
589.7664149459852
590.1937748222222
591.7222147347503
593.0654126500663
593.2637739418931
594.6914133823401
595.2963526358861
596.2368057033519
597.3699648828418
598.2077279759065
599.5937066858898
600.0783703987653
601.1280464529676
602.0354370149592
602.5822402463464
604.4348189075413
605.0226306936154
605.7725029471376
606.5388548524139
608.0399546295226
608.3198336751745
609.7693473300815
610.5886559304578
611.7743721498576
612.4853606604487
613.0404713670686
614.2199418904432
615.5577097608621
616.2688024422727
617.4255952594110
617.8742183311179
618.8933659336078
619.9556354307323
621.2000723428947
621.7757628319356
622.9006482880172
623.9609710562838
624.6000788239723
625.2291158562033
626.7550735841830
627.8537869090984
628.5786409872507
629.1290759131915
630.2299343888938
631.3785468808197
632.0960969989572
633.4096358192596
634.1753040350197
634.9551234808175
636.0150018684585
636.7144627692859
637.7433691707974
639.1135222252087
639.9586072394138
640.4772943379619
641.5890691761753
642.1554245986132
643.9940030420628
644.3078139422237
645.2014529122752
646.6620863444069
647.0264222227787
647.9699548039171
648.9403752811130
650.3879500222629
651.0323531078331
651.9469498754042
652.6851004956374
653.5530829050403
654.7400110454715
655.8349198741294
656.7381578796908
657.3705687057499
658.3674394412327
659.4835130773827
660.0535135201626
661.2477725922285
662.4753109962542
663.3139590468217
663.8562590190781
664.5801177530949
666.0390090617011
666.8987350426492
668.1234667650025
668.3957728469422
669.7195684804130
670.5465663630345
671.1930437030631
672.5710979918032
673.5302532720356
674.2491441697374
675.3851792389539
676.0349192392693
676.5991201122207
678.3596871331372
679.0902640711060
679.8497536075233
680.6550192463723
681.6545140557670
682.6732738794655
683.4756107119705
684.5019198620471
685.7919995550454
686.4570479617006
686.9098228195659
688.1116068622461
689.0842782329410
690.3862909676736
691.0383978079154
691.9183071823701
692.6952362996133
693.6409315081325
694.7374407427655
695.8005316461258
696.4207133190499
697.9153257911639
698.1044961205608
699.4615493286984
699.6782521663990
701.6218738647265
702.3368288504138
702.8332657508697
703.8374536418911
704.8520250922735
705.7113959342979
706.7373150992068
707.8803702533807
708.5199141869091
709.5588772280540
710.4456796386290
710.9212964002204
712.4643268149475
713.1985736387095
714.4504602274849
715.1041568436192
715.4261017169062
716.8445936614845
718.0957725202348
718.5630130937657
719.7569056200498
720.5676679938742
721.6574754688978
722.0600895885461
723.1346109348700
724.5033743356882
725.5475638470488
725.8202148387975
726.9541297420187
727.7955031489678
728.6814780863409
730.0692115377312
730.7535650146650
731.5156338445686
732.5126450045671
733.4404552092552
734.2177788877811
735.1158736430410
736.5903618550683
737.1694203390982
738.1472387475098
738.5080983012615
739.7507649421742
740.9958972331237
741.9165442455486
742.3975004716709
743.7006656794538
744.5226262270459
744.9507388660697
746.4290122315602
747.1560323630518
748.3780493866677
749.0494454113733
749.9903165089520
750.4696208559311
751.7146286747003
753.0018470662897
753.7239399059067
754.5380607815478
755.1303606242944
756.6770718271797
756.9934177627094
758.0051985828879
759.5078511326778
760.0277671660719
760.9009117759570
761.7529522129044
762.3893896825303
763.9531130659907
764.6158778151399
765.6543690280453
766.3214128698889
767.1888188980673
768.1375974671535
769.1216493339187
770.2999132871586
770.7831311319339
772.2291205890807
772.7436663341905
773.3871954142406
774.3645454886696
775.9496505554277
776.6078836687301
777.1677058068375
778.2089386323374
779.0816765746995
780.0259352979117
781.0206470350036
781.9317438405226
783.0470826963766
783.7479499520677
784.3600628967950
785.5423758336229
786.2477928996274
787.6072916998767
788.6865816525534
788.9292103849291
789.8332141687034
790.9579023778434
791.8925871967007
793.0746560936304
793.5508044136528
794.7406948518208
795.6782601794483
796.3560902374083
796.8692384962017
798.6229554113947
799.2678935302776
800.1502726384186
800.8543311317787
801.8446698523795
802.5230428424754
803.9578124978217
804.6081531411015
805.6433850954271
806.3388513203445
807.2935597462976
808.2939979660210
808.7778568171602
810.2267496111993
811.2378587753307
811.8969254361880
812.7044141824713
813.1834653790828
814.8795386026651
815.4110463172309
816.4665768802495
817.3270831965502
818.1986467596684
819.0434205472312
819.7775222238490
820.8823788025871
821.9940796440626
822.9292791133762
823.4841251644682
824.5401554186923
825.0854005028087
826.2476721914922
827.8152380677963
828.0562150754374
828.6726871596536
830.2856959665796
830.5514797180593
831.6070965037929
832.6283503838764
833.6968728332274
834.8353519246046
835.1107588593814
835.9974754525955
836.9680259274396
838.3168478850311
838.9283549742229
840.0407548210293
840.6805711821269
841.4924679720031
842.4777444405829
843.4601131441858
844.3899016301632
845.2996616692119
846.3841443595861
847.0398844547204
847.6771173992338
848.5683399843909
850.1184228653212
850.8265385270776
851.4770321412804
852.2871337802538
853.3258306638977
854.2968382086727
854.9129840536620
856.2334384741272
857.1972464931801
857.6711692275059
858.7782624302968
859.4689261927560
860.2647548094918
861.8392303061558
862.3656742499951
863.2480103847084
864.0958641202396
864.6799834877348
866.0154006763876
866.9778797895331
867.5727147733901
868.6876746713272
869.8317931236389
870.2167427097375
870.8631897121325
872.2772411967999
873.3075659085078
874.1124926573752
874.9870588068312
875.3788091163200
876.8993003243293
877.1889102783983
878.8202435305838
879.2892746970444
880.3036846376973
881.0991485236515
882.0776046765821
882.7189637530047
883.6717360568542
885.0426047126664
885.9363725850193
886.3246045020123
887.1252972132160
888.2118336093179
889.2686698626717
890.2769110713876
890.8609168150985
892.0277024965484
892.7150018948386
893.6885726199853
894.1516900551924
895.6198010435041
896.5766536402090
897.1458818285894
898.3200635266609
898.8448687573465
899.4764500964491
901.1271614284809
901.7471510532962
902.6545306030616
903.3377979924901
904.4482828195990
905.1200946798688
906.1353787651329
906.8019591965856
908.5389076780362
908.7517315063065
909.5541549988797
910.3937037363456
911.3765847066600
912.5035750026231
913.3944932574276
914.3063144930053
914.9126563806006
915.9134678871111
916.7336528849830
917.6199307480572
918.7414103948796
919.5254678023573
920.5494334982532
921.4839862154233
921.7507500703482
922.7708468980695
924.2377246508547
925.0898799908713
925.6652443450361
926.3710937390152
927.7032798266356
928.2048241688700
929.0789629654585
930.4879983886252
930.9260260042067
932.3572912768255
932.5523746041037
933.4818222283605
934.4975247045069
935.5548170478393
936.6647101363619
937.2843559175379
938.1727039949446
938.6586193424460
939.9827853537023
941.0032815376409
941.4339620398799
942.8562029404018
943.5159024617430
944.3230274806840
945.1367365697301
945.7328883178040
947.3424395291983
948.2776703246699
948.4810586741331
949.6568079052171
950.5026625174258
951.2436361585718
952.3530411177916
953.4760667659645
953.9773565433823
955.0783000369202
955.8010861613211
956.7881866403273
957.2200768418690
958.6787337186202
959.6840916860728
960.4217973397805
960.9490181020719
961.7924104230947
962.9364665667217
963.9686708131704
964.7144407921737
965.5104205121761
966.8720114282163
967.0816758209254
968.0435563959594
968.9500432021457
970.2557346056195
970.8702834522309
972.0790084893440
972.4893694723583
973.2141003458093
974.3772496105008
975.3092160381514
976.4921784238624
977.0556256654967
977.6737118314202
979.0535216239428
979.6612927378092
980.1770904853113
981.5703456555066
982.7523026364386
983.2153915237043
983.9297093829567
984.8637568953314
985.6516574044999
987.0148474070322
987.6557506907807
988.5385354676216
989.3941122290496
990.3423182412543
990.7942084512961
992.2175282143727
992.7305629652587
993.9927803406722
994.8545395116923
995.4712242205501
996.3669817488641
996.8256127749575
998.6219503574528
999.1160101657100
999.9125518422604
1000.750404755168
1001.677363565959
1002.574636303264
1003.282370427952
1004.306696271181
1005.575642010568
1006.063700123506
1007.007972524007
1007.549547893070
1008.696044897552
1009.471067520203
1010.926001656647
1011.370341843808
1012.126805088573
1012.902305704901
1014.100255354243
1014.687568457126
1015.892795168892
1016.587731927283
1017.612280385733
1018.641732135701
1019.040407948832
1019.622668933758
1021.281337158250
1022.136861765571
1022.644458691305
1023.718479949660
1024.337066967781
1025.293289921192
1026.197728710545
1027.229197671955
1028.112723482218
1028.932756679125
1029.764164046657
1030.642713827036
1031.236887008327
1032.273357129007
1033.537162616870
1034.435769122059
1034.955617513490
1035.510704509947
1036.766351459342
1037.612593324597
1038.694638375135
1039.213616649074
1040.500071240560
1041.227530423464
1041.738837179748
1042.809350121613
1043.543978048182
1045.000689392846
1045.624601080606
1046.220249615829
1047.369710333247
1047.805895961613
1048.827534479773
1050.247265641115
1050.782981055055
1051.413275446258
1052.608585146258
1053.424448178074
1054.020490732213
1054.841210935146
1056.268591724889
1056.946970413349
1057.996341674591
1058.302842517381
1059.126619017730
1060.499512183480
1061.194433916153
1062.110217524752
1063.301796489967
1063.509793102278
1064.760761949013
1065.367057523016
1066.376560766551
1067.329121884863
1068.336728505343
1069.274340405642
1069.798178135487
1070.615737307580
1071.324726300660
1072.900356217445
1073.452167045763
1074.324118945550
1074.944487350256
1076.082541102908
1077.048378601045
1077.268449687786
1078.734570880759
1079.733820071919
1080.465103847521
1081.066000981470
1082.148405182828
1082.584049669337
1083.902308659578
1084.977926719706
1085.671888322354
1086.271974827164
1087.409003216426
1087.864563297292
1089.165976527348
1089.936408008214
1090.637475501250
1092.024895760106
1092.745522666458
1092.948344609771
1094.007068221025
1095.144503018007
1096.252382743137
1097.111173995254
1097.431455762360
1098.660791897188
1099.307018978296
1100.293146227150
1101.108869208059
1102.303483421629
1102.999962566216
1103.688972551417
1104.852217872925
1105.276487002787
1106.077428132799
1107.618769795777
1108.230656132125
1109.322338438788
1109.409283550056
1110.571449671918
1111.741669590514
1112.333216030865
1113.455719428600
1114.165059192703
1115.273626197038
1115.912582588868
1116.558563832917
1117.358936644111
1118.967313689121
1119.265003155777
1120.422786005585
1121.113084745317
1121.790122394357
1122.606517205665
1123.857806845718
1124.771317332003
1125.312670265789
1126.402988603823
1127.195693870095
1127.932541025934
1128.810910328968
1129.477879313996
1131.240060529155
1131.443253009388
1132.362289945986
1132.840499217920
1134.155984114957
1134.816044182843
1135.924982684753
1136.875428222003
1137.397258448504
1138.501539182915
1139.229144048942
1139.832041348300
1141.050993570393
1141.848556878195
1142.999639500284
1143.584299699537
1144.493577056378
1144.901360682467
1146.005025684563
1147.517189359998
1147.821369284074
1148.621131171150
1149.653497307869
1150.537071438112
1151.232833785864
1151.923704541880
1153.206042101729
1154.150589811596
1154.865893769818
1155.552523767810
1156.367544397744
1157.107036023727
1158.466276217666
1159.066869479851
1160.169533456278
1160.989695660940
1161.159588901951
1162.766095701285
1163.224759083778
1164.141322678799
1165.252617104741
1166.244899294235
1166.764422634336
1167.790958284003
1168.016899851425
1169.452060022181
1170.642757391368
1171.228459972813
1171.743067366597
1172.919094423664
1173.850807635299
1174.140751798215
1175.605782605036
1176.319960874690
1177.257502083581
1178.054472549598
1178.961704224541
1179.429955999258
1180.395227143089
1181.558217661055
1182.712397422062
1183.152596988668
1183.801979535024
1184.763892931738
1185.716379180393
1186.690712414438
1187.349187294591
1188.399696684427
1189.383109971372
1190.210258626777
1190.440180639587
1191.595100025839
1192.665803216214
1193.683562623584
1194.390446932986
1195.318670152390
1195.692351153760
1196.895918139505
1197.586804565414
1198.821622935885
1199.537173590890
1200.252748895026
1201.237736178946
1202.069023155624
1202.935315395848
1203.171771602882
1205.160943304247
1205.557022784311
1206.147375553631
1207.324572312285
1207.618734341537
1208.907146244637
1209.876431162821
1210.550912082812
1211.554437056931
1212.449259726286
1213.040207107853
1213.898722480320
1214.730978088891
1215.794302910635
1216.686670013164
1217.700451048160
1218.347552265320
1218.847208134982
1219.757677542621
1221.023721423554
1221.854522699574
1222.724491100278
1223.179543341797
1224.469942010736
1225.157373726809
1225.678808116674
1226.757510195761
1227.876879245938
1228.886813158611
1229.398102386676
1229.945683135459
1231.185780469827
1231.709442093036
1232.931120284022
1234.105265689629
1234.333490829253
1235.322019556823
1236.182762467825
1237.165327137527
1237.674755393666
1238.961213475523
1239.634120609133
1240.829074486733
1241.370033569829
1241.988370555153
1242.653304696390
1244.279129397554
1244.865198390704
1245.572377351545
1246.492482068470
1247.372440451195
1247.999275304051
1248.987852788510
1249.828866977520
1250.861492559458
1251.821408586668
1252.379182286812
1253.218226576268
1254.127966952465
1254.614790656162
1256.150986386805
1256.902834276538
1257.681256101425
1258.073570167113
1259.232664670297
1260.066863047284
1261.082690539360
1261.556040367808
1263.025935318508
1263.504137459558
1264.385165859006
1265.130453552381
1265.665270962582
1267.106501969344
1267.945321625537
1268.698416053902
1269.445286640328
1270.196557945538
1271.133647880924
1271.784044876659
1273.172942272427
1273.775104880519
1274.363892362409
1275.774831436158
1276.245590490299
1276.732438067983
1277.828467089835
1278.973844166654
1280.007500646909
1280.551729933550
1281.181257953365
1281.951622870058
1283.297140045521
1283.715586517252
1284.855326448642
1285.694985542174
1286.630209622880
1287.184927310807
1288.043803856231
1288.948964266520
1289.660711452718
1291.182831413193
1291.451895579044
1292.539782935217
1293.123411080897
1293.767582066136
1294.948967824271
1296.135984032601
1296.564828117151
1297.427387581780
1298.395635404362
1299.353829502756
1299.799638601364
1300.577876318452
1301.942507970130
1302.907144577312
1303.382141874581
1304.119711022274
1305.171295958628
1305.616459081605
1306.933605307942
1307.920822176310
1308.392711945700
1309.534059715151
1310.025887445238
1310.976930418132
1311.879842421948
1312.643691803153
1313.593836369968
1314.794955873635
1315.418505272986
1315.892095478616
1316.610330580469
1317.884675055539
1318.839196812580
1319.589859629394
1320.462522530786
1320.983747895560
1322.202467044680
1322.848573485883
1323.378629623213
1324.869660117683
1325.537504294648
1326.235255239355
1327.378776497404
1327.686537625446
1328.587406571737
1329.578443801397
1330.932659843838
1331.416808075210
1332.067624553963
1332.889597128082
1333.972035700382
1334.565867118395
1335.672496891781
1336.256427804408
1337.659717423266
1338.105045628619
1338.916938059855
1339.514397295138
1340.427740101529
1341.950259320343
1342.189927846575
1343.309499737765
1343.980928554293
1344.811882001810
1345.434017578238
1346.686846767364
1347.418191634681
1348.200534086460
1349.379350900032
1349.759661103365
1350.876148010802
1351.342988308093
1352.180644760552
1353.667934505466
1354.464255500564
1354.844324779030
1355.527029641110
1356.761983438782
1357.419088582844
1358.269965903625
1359.381288460494
1360.047660319197
1360.969457294184
1361.811612573132
1362.331061205828
1363.208606805912
1364.305344835210
1365.331040613157
1365.966919069038
1366.956414839524
1367.465939529615
1368.050377460072
1369.586612961599
1370.062531853907
1371.321808723836
1371.500016517972
1372.894391676595
1373.569935852580
1374.097377373943
1374.911853812828
1376.338245672706
1376.969212325769
1377.978927966372
1378.322765890308
1379.204131917288
1380.219234014773
1381.047215561400
1382.022761580529
1383.047000890736
1383.426808823565
1384.467297763579
1385.157291845445
1386.277483990402
1386.601421467575
1387.949975490520
1389.027339398236
1389.497432321821
1390.093061499431
1391.115550170905
1391.678503214404
1393.350468113207
1393.705443465950
1394.279025784490
1395.555746156055
1396.228014451537
1396.878647450828
1397.676430692724
1398.849791672492
1399.690602681108
1400.507404041290
1401.315864518501
1402.007585617848
1402.611335745211
1403.704731389809
1404.811242013362
1405.650841786807
1406.296466164702
1406.874659437544
1407.974021902138
1408.821703804039
1409.510390008870
1410.379221408212
1411.600932435494
1412.280341388936
1413.043936921745
1413.484392584243
1414.463342290830
1415.649861903632
1416.473807595121
1417.263752712691
1418.111308485655
1418.611010429075
1419.761348754007
1420.328241327394
1421.389154953682
1422.377308021351
1423.057165070211
1423.879021852857
1424.908441002271
1425.519604107404
1425.783886219511
1427.559974353008
1428.318208539898
1428.874208607994
1429.674511326188
1430.392896723031
1431.518675070936
1432.049781880278
1433.304420911816
1433.758813933911
1435.044734547954
1435.839673226891
1436.003636285498
1437.176292704016
1438.053586154940
1438.922183423147
1440.241206928057
1440.543940988197
1441.352366133779
1442.136497336493
1442.941215111848
1444.147022936605
1444.859957859766
1445.581320216920
1446.519972386863
1447.466819604329
1448.069076204883
1448.691770431376
1449.622851795366
1451.095232799476
1451.637225183071
1452.130176500811
1453.135146570834
1453.812004272415
1454.782186931308
1455.627605816498
1456.687559747769
1457.508193968920
1457.916106434275
1459.153976519364
1459.761009313311
1460.389871798938
1461.514768012897
1462.500039442129
1463.313617341901
1464.251082705118
1464.595835441053
1465.237982883395
1466.677633581374
1467.551997692263
1468.079809819466
1468.998950476564
1471.633548726583
1471.985806385666
1473.261181230333
1474.332780998658
1474.811316271700
1475.749118999525
1476.302442010792
1477.253710182016
1477.970754722367
1479.410908948029
1479.926475212592
1480.614272127441
1481.317711333923
1482.548477933647
1482.996559435184
1483.881314030774
1484.837837757326
1485.906641940604
1486.770732398689
1487.213182169427
1487.892721516626
1488.853574633935
1489.901026858473
1490.963587762676
1491.500039270647
1492.218242850806
1493.334905540877
1493.823774998181
1494.584862967614
1496.005773264025
1496.287385143717
1497.446339215299
1498.373451192534
1498.899317368672
1499.827560992104
1500.144196766620
1501.797398364311
1502.414048516171
1503.375718117098
1503.823266342350
1504.577725180488
1505.730730015703
1506.595720412894
1506.944975201967
1508.438272342265
1509.061565199758
1509.848730950931
1510.464471219485
1511.523304360822
1511.881359820057
1513.410629384383
1514.027200875979
1514.957215796642
1515.538070053324
1516.270575708837
1517.135789787685
1518.124597722541
1519.181438159380
1519.619997620246
1520.617480002243
1521.716891010893
1522.169464948437
1522.790215191634
1523.677002214961
1525.124476666791
1525.717159797118
1526.413582454646
1527.079134201127
1528.063707450902
1528.685827481787
1529.804430736395
1530.584729785834
1531.565504229900
1532.138179977227
1533.184767171290
1533.693964976268
1534.576018442704
1535.490692138726
1536.291460376345
1537.662943558450
1538.226530644945
1538.426366557223
1539.466677297158
1540.501064784063
1541.391599946232
1542.318686648454
1542.981863070145
1543.744644956997
1544.896497216154
1545.332114674975
1546.018661005629
1547.044927744931
1548.411701262840
1548.731683086266
1549.573444891364
1550.620525428522
1550.956007653507
1551.856283752314
1553.154908703145
1554.074070429295
1554.344140437017
1555.615689373266
1555.960030456786
1557.225354268110
1557.752951964385
1558.482096130613
1559.838871406795
1560.528464118117
1561.286707343344
1562.022965611856
1562.360010060296
1563.794156131961
1564.631399680158
1565.409894959635
1566.211259606928
1567.040920850268
1567.711533206633
1568.555490325687
1569.383195990168
1570.367682524769
1571.140704199759
1572.201756164653
1572.798900496500
1573.491187903813
1574.327141438633
1574.926261019656
1576.442186357988
1577.144028758243
1577.773252524387
1578.178979714661
1579.625754066877
1580.144306693666
1580.766709242867
1582.042963964285
1582.692626876093
1583.806203187833
1584.257687557174
1585.219955554428
1585.568497967757
1586.858774741164
1587.819659775195
1588.525095299965
1589.589507645850
1589.917795405375
1590.728841093552
1591.749618871864
1592.632484338911
1593.578452196461
1594.076449229332
1595.346215647394
1595.954409352350
1596.641238034309
1597.253414425060
1598.209059966910
1599.625798959897
1600.177719102387
1600.691198834227
1601.639788830921
1602.382289132579
1603.255869402318
1604.165632030581
1604.947366235285
1606.074057646507
1606.603922937522
1607.304905054597
1608.391984646183
1608.918797819383
1609.622934541614
1611.082420991552
1611.749347190968
1612.375219316390
1613.177623202188
1613.740350194990
1614.778688033259
1615.908197318605
1616.559963137862
1617.208391096815
1618.268920025455
1619.135740883307
1619.822901244927
1620.066538103226
1621.700650086674
1622.228472547310
1623.351265862509
1623.988130642951
1624.582142811051
1625.371043645884
1626.316000975440
1627.196471348130
1628.390132353564
1628.792332204497
1629.571671388177
1630.509063214019
1631.356003981486
1632.050619801894
1632.695343678216
1634.011823984025
1634.973160152136
1635.351447441467
1636.193284651887
1636.717087375005
1637.948676977385
1638.783266025133
1639.684989239528
1640.434064287834
1641.080633171716
1642.209419565392
1642.546612914753
1643.596410070136
1644.385767253751
1645.621929817415
1646.009035335763
1647.142152461473
1647.733728120609
1648.399860653345
1649.013514136843
1650.620068273599
1651.278442602657
1651.677580460268
1652.647674430433
1653.590100891465
1654.140343124193
1655.242693318289
1655.766139453986
1656.867644670335
1658.045777740732
1658.423368146443
1658.935497122427
1660.106999142689
1660.616261951852
1661.933808944774
1662.580351929269
1663.662423606119
1664.057226029292
1664.722099678236
1665.938592700842
1666.476544398830
1667.517821043368
1668.398311196769
1669.023497709705
1670.283420363295
1670.633722435837
1671.307342336957
1672.055015339316
1673.574714348252
1674.103819517726
1675.061143343554
1675.350187591942
1676.437972728209
1677.459383005456
1677.761063923946
1679.090262830364
1679.885122302082
1680.571365165737
1681.456286823561
1682.319569937533
1682.737192834492
1683.716101757407
1684.686416061055
1685.837187133922
1686.335471549412
1687.284656005240
1687.584062431604
1688.555881335901
1689.905940979727
1690.315663333073
1691.139359064212
1692.221282987174
1693.013304859689
1693.516401038028
1694.458698449315
1695.001870338652
1696.260853490957
1697.246329330553
1697.921809004715
1698.336995523003
1699.452830829618
1700.078502777208
1700.823330301428
1702.220320255002
1702.743363455096
1703.375355247560
1704.356654368671
1705.155440779847
1705.979373314014
1706.449638161726
1707.541096754746
1708.846993161990
1709.230006338162
1710.107849387778
1710.594206174923
1711.449756356053
1712.584292889286
1713.481116432350
1714.072532050246
1715.043894422589
1715.767851954781
1716.614325363005
1717.183197914105
1718.086401793526
1719.152870931842
1719.906587571210
1720.764592095288
1721.702225326401
1722.240863281169
1722.584207245140
1724.076498078095
1724.750496391100
1725.996526076251
1726.247667851835
1726.939751205275
1728.162299157270
1728.856758997468
1729.396063979298
1730.342470986367
1731.675009282091
1732.160129789846
1732.895210325495
1733.551252253832
1734.497250045398
1735.096222206552
1736.443828678589
1737.187288809479
1737.694486753060
1738.716628663210
1739.290142617587
1740.116784461750
1741.067045595702
1742.049506637583
1742.509407840367
1743.787096762962
1744.462293438497
1745.082658305581
1745.647501681970
1746.547156548103
1747.947375593370
1748.668040464349
1748.997593829234
1750.153595363070
1750.611174353421
1751.899119952932
1752.110586403996
1753.459532975312
1754.104723207960
1755.110610810858
1755.839005466948
1756.344275938407
1757.376282270352
1757.935725090694
1758.993646100292
1760.181852515165
1760.796492352987
1761.297546081829
1761.999009174551
1763.038718978491
1763.985201917847
1764.618636354647
1765.605439620992
1766.406452678843
1767.146103035731
1768.248046043740
1768.462056221803
1769.143871498009
1770.911059592972
1771.128444545237
1772.099843073102
1772.866037674068
1773.623370672783
1774.189205909202
1775.246157697548
1776.245717188752
1777.016514973416
1777.696886696373
1778.526765266379
1779.458349394546
1780.033679787789
1780.783153074516
1781.679111579136
1782.855651575358
1783.840215335902
1784.076055636856
1784.711294438279
1785.780191108393
1786.642022031271
1787.591042450729
1788.374907440517
1789.033936069834
1790.173414826722
1790.610882254576
1791.330123741163
1792.394506719132
1792.964703397210
1794.275603157608
1794.863977660060
1795.715627881958
1796.261568697972
1797.173498071940
1797.682209856487
1799.156007714217
1799.821770799404
1800.615129680318
1800.903580958862
1802.470175299022
1802.756051770329
1803.476157425707
1804.438349649913
1805.575970008027
1806.328293469432
1807.004355607755
1807.860357154563
1808.187636658698
1809.314751716039
1810.464256443620
1810.942929474065
1812.115951843357
1812.608522315746
1813.336229458714
1814.137572968095
1815.182137223916
1815.782349541582
1816.683269648269
1817.752902039435
1818.433403649887
1819.152652097055
1819.860865821452
1820.313897759375
1821.752959080166
1822.770834057236
1823.071644438878
1824.011745510916
1824.680924746098
1825.676422821587
1826.450519976940
1826.935960442558
1828.409408371638
1828.832301441602
1829.772019015247
1830.549873153045
1831.103445328576
1832.048774255872
1832.660087563190
1834.133443706954
1834.679600152507
1835.321712739088
1835.988704120532
1836.935257237149
1837.637631207106
1838.699647171826
1839.584833305016
1839.905395642473
1841.583579873824
1841.713898004774
1842.449379012750
1843.143214980599
1844.270344207610
1845.258684544592
1846.036164443404
1846.744971271408
1847.399398898804
1848.180181160796
1849.022298010571
1849.899871733302
1850.846149023196
1851.641350912992
1852.445762666521
1852.987720293843
1854.219670603699
1854.652815014251
1855.138311878152
1856.626826478929
1857.459904150469
1858.222415374092
1858.595687559047
1859.432356452247
1860.372657496036
1861.305494564089
1862.126014905466
1862.868951832185
1863.784755739146
1864.520113109774
1865.303395053547
1865.910291156950
1866.722812616107
1867.808515029149
1868.843162913221
1869.206059818884
1870.373035038455
1870.888178499226
1871.308427893861
1872.547354182854
1873.822937472495
1874.034815951313
1874.983696023353
1875.760082347029
1876.767119680218
1877.238540582993
1878.097266603908
1878.883196843642
1880.069609828100
1881.064014156835
1881.285219783429
1882.037091238801
1882.898899280358
1883.996394994044
1884.484317468427
1885.906664125058
1886.296588969743
1886.921387513189
1887.943541597055
1888.735409895443
1889.260701721094
1890.498372949195
1891.004524020239
1892.202786041633
1892.903042725412
1893.461642436619
1894.270031580599
1894.737489973982
1896.264853372651
1897.143028727521
1897.369225358509
1898.367863359355
1899.231005720987
1899.997327972099
1900.679096937514
1901.498581240828
1902.574036197432
1903.434148336779
1904.028399530002
1904.879076017976
1905.627005091170
1906.099496655795
1907.287071310114
1908.298928338901
1908.994596623017
1909.786037535936
1910.386454052133
1910.970835108969
1912.416237697849
1912.727961932468
1913.615526042071
1914.657526011712
1915.520199137604
1916.252929543042
1916.668552968513
1917.591557725065
1918.351643732215
1919.712895628154
1920.309091671721
1920.894594342594
1921.646005291605
1922.736284509737
1923.074232209580
1924.111532564701
1925.189858040574
1925.938787161191
1926.410663682757
1927.672270734108
1928.112425803283
1928.965775780901
1929.413001720300
1930.845547463583
1931.586766589900
1932.489432859242
1933.028373820142
1933.384802400985
1934.817668454485
1935.275713888318
1936.458841349196
1936.945825299561
1937.989017764820
1938.795774773220
1939.514580154754
1939.972062520106
1940.973457910053
1941.943303445193
1942.783267696338
1943.719226917944
1944.416162421595
1944.858347489270
1945.766349784946
1946.546135212820
1947.775974680618
1948.364570825690
1949.154251157626
1949.858315733710
1950.786730205122
1951.573333217671
1952.274574138700
1952.702525598035
1954.440561337864
1954.978927397550
1955.302716997275
1956.386831523576
1957.059005691437
1957.671270126495
1959.027399027537
1959.524976081393
1960.575145686447
1961.075186895921
1962.059679381695
1962.667245665331
1963.426786732271
1964.453687447278
1965.098929062241
1966.131640900918
1967.107013722826
1967.589118372314
1968.175255593389
1968.863335118178
1970.139656973385
1971.007109104829
1971.739962254280
1972.290461242667
1973.192212334991
1974.102214877972
1974.770768680181
1975.343564095838
1976.547158605369
1977.331791679191
1978.323697422576
1978.697280120120
1979.567165522257
1980.300043273003
1981.070401984974
1982.117150539011
1983.178875336698
1983.780074118033
1984.210230109786
1985.091272909313
1986.277053222182
1986.622779697046
1987.611219473398
1988.600808554556
1989.267304885633
1990.337913463845
1990.925802964261
1991.261280773557
1992.216543576774
1993.512885848674
1994.310991726142
1994.804562066188
1995.623025862076
1996.733502377437
1996.893653131831
1997.955922687457
1999.148098668115
1999.496749098609
2000.662501360422
2001.359083488412
2002.057774374248
2002.836713349581
2003.567650107657
2004.175821686194
2005.655650517731
2006.479776973487
2006.627964321290
2007.666479183991
2008.202446652146
2009.498097003591
2009.937706400100
2010.937428153186
2011.702339495132
2012.837866974276
2013.106730594823
2014.153092071509
2014.642516693381
2015.513466273335
2016.738604080125
2017.368369241253
2018.243562694161
2018.990844295508
2019.362330402366
2020.497233740042
2021.086032770293
2022.426287675897
2023.110183279333
2023.328533229875
2024.687721301242
2025.396431111334
2026.065636135469
2026.436037234715
2027.792749154060
2028.766953486610
2029.379428511776
2030.250136668068
2030.619322353724
2031.480640307074
2032.583710204316
2033.297931110004
2034.114193667481
2035.104377880123
2035.708093019247
2036.335571343841
2037.316729187997
2037.978102369215
2038.800057408150
2039.668266149295
2040.933397052405
2041.250529157203
2042.008413977585
2042.808817477024
2043.303573125827
2044.699296969572
2045.432263686913
2046.308180862165
2046.525007541926
2047.880789418027
2048.497741636053
2049.059343488637
2049.913541513449
2050.947868190441
2051.900013167762
2052.737530710611
2052.967551777531
2054.184896992603
2054.631168700952
2055.405467288428
2056.918426656362
2057.214269857279
2058.138712609706
2058.772733854900
2059.579792148862
2060.369759069889
2061.350419955428
2061.869421520372
2062.910836661805
2063.818744409291
2064.713649802586
2065.279972418538
2065.463145770903
2066.790631113811
2067.858030239167
2068.440550647134
2069.438862919998
2069.994359700140
2070.624831725561
2071.728447031566
2072.276811161009
2073.071479558717
2074.325235898668
2074.797282931533
2075.595322450176
2076.541297397952
2077.236214781367
2077.621378142945
2078.635896330752
2080.023546071784
2080.510317716584
2081.253080994577
2081.680316378823
2082.858731112790
2083.419601681725
2084.518018748869
2085.040808694004
2086.071528099623
2086.928286652037
2087.697550842786
2088.214254247119
2088.957232200321
2089.794168196195
2090.956648279812
2091.689732264907
2092.387768516077
2093.321278718927
2093.679729186108
2094.564566605568
2095.463936313255
2096.691997581638
2096.998688596444
2097.841680808883
2099.003109499581
2099.445972481087
2100.175807415749
2101.017244010808
2101.630011876863
2103.216342831034
2103.566617884822
2104.342946201896
2104.754774261973
2105.884842213211
2106.671035530525
2107.332607415249
2108.525369422006
2109.096343602021
2109.870305486396
2110.676133581798
2111.378949590809
2112.295084809415
2112.678700997483
2114.179541059549
2114.571642615959
2115.726010129653
2116.184637623824
2116.992468753410
2117.294980414074
2118.917456541125
2119.471829063548
2120.208966856659
2121.052435691653
2121.696707850626
2122.892316498509
2123.162106589492
2123.844951633684
2125.123383351198
2125.874766927983
2126.801025025735
2127.343738889935
2128.033506016756
2128.817021345198
2129.574555717599
2130.643215216533
2131.513570836817
2132.274653496417
2132.853145731164
2133.557996382513
2134.563742454872
2135.269293965934
2136.034167892037
2136.743905443710
2138.213706079969
2138.469167559312
2139.181316337267
2139.945707153711
2140.616775002500
2141.646489510739
2142.879725105545
2143.244629818636
2143.874195693226
2144.912732332417
2145.763808622277
2146.109181809553
2147.130357258475
2148.228414335527
2148.808822761281
2149.623330910537
2150.638782736601
2151.142341975716
2151.673538272591
2152.601699598114
2153.680314320240
2154.842766355661
2155.032506681661
2155.908481031725
2156.544909898266
2157.563542298768
2158.364113172918
2159.047028327563
2159.846094293126
2161.053869137902
2161.576236767096
2162.172579916042
2163.105167440281
2163.513069084213
2164.781012587145
2165.629097338355
2166.374701564582
2167.150299105569
2167.889096134948
2168.271202929719
2169.539891380271
2170.121916871763
2171.186970610631
2171.861492671321
2172.590633296586
2173.452380236651
2174.445070877094
2174.725845514877
2175.331330788262
2176.906400318638
2177.618226074143
2178.185224012417
2178.815924254921
2179.646756960419
2180.504272862973
2181.205293840404
2182.204895884970
2183.144809705694
2183.509962427068
2184.815645825959
2185.262983811222
2185.713507701077
2187.057775825133
2187.391252064123
2188.570645718534
2189.590218087206
2190.104076115867
2190.739866547569
2191.300618253283
2192.359219640613
2193.342838445301
2194.149456460768
2194.767185789437
2195.536407157154
2196.540486504893
2197.143809765240
2197.840311800132
2198.445827283411
2199.733114737570
2200.584127104832
2201.207197302893
2201.837694948710
2202.602102354752
2203.429145097874
2204.085922863041
2205.301458999982
2206.006344938658
2206.828290610517
2207.215959803626
2208.244982124143
2209.238038983055
2209.515269484366
2210.538326111726
2211.544732076538
2212.400203521807
2213.179710757281
2213.671116322682
2214.398182247047
2215.013254919688
2216.704410765468
2216.854558135066
2217.600493900459
2218.894095993893
2219.071083734943
2220.114288086324
2220.723021929823
2221.728269549723
2222.401425189783
2223.650241604290
2223.928104656751
2225.123204404033
2225.400492046954
2226.271481395860
2227.039620349260
2228.152714727286
2229.236563227980
2229.718947688281
2229.928640272456
2231.226114028384
2232.090291016642
2232.535520891947
2233.525479098490
2234.383097805157
2235.326584999012
2236.082244825645
2236.653561834714
2237.226314734132
2238.155490397877
2239.099185010334
2240.059268829617
2240.935540612781
2241.244872147423
2242.275623800197
2242.942791492329
2243.582755922089
2244.733738984655
2245.542183791798
2246.068851775367
2247.050664814901
2248.029247227308
2248.446169571861
2249.133242005682
2249.792460998508
2251.424653767892
2251.648032875892
2252.661874882749
2253.275332336195
2253.777167386504
2254.885744799726
2255.736344363590
2256.281652529832
2257.350063178826
2258.215743948487
2258.867220803361
2259.438992672185
2260.398861106923
2261.108303526167
2261.689857993643
2263.082559555405
2263.754930142175
2264.276497487042
2265.181466825458
2265.611744454414
2266.552040276307
2267.672271142149
2268.388311432746
2269.045398201309
2269.766051191036
2270.985689561273
2271.283085724695
2272.095982847916
2272.672526505068
2274.014369591083
2274.837758769850
2275.371525345527
2276.171771444778
2276.891034920400
2277.505797741613
2278.493016512564
2279.336881096831
2280.460242642192
2280.768039028796
2281.635612802093
2282.470694602600
2283.352162068290
2283.732434414875
2284.927259746678
2285.453611535989
2286.783375413985
2287.435028181031
2287.888954931148
2288.284786573428
2289.635315160990
2290.253705722846
2291.484209874809
2291.785249257520
2292.776109188941
2293.484487524694
2294.222211041271
2295.192457045409
2295.447972745577
2296.786028561869
2297.567323477081
2298.399328466678
2298.856166162876
2300.036692313984
2300.325133592835
2300.947101573163
2302.472329511471
2303.207226346030
2303.625055835498
2304.475801244261
2305.230739528897
2306.073782562715
2306.897779865956
2307.487811233219
2308.436397414514
2309.475237314455
2310.299643865653
2310.600962544404
2311.595581749238
2311.984261765240
2313.297176793607
2314.036074820552
2314.871950399112
2315.665269077705
2316.164198945900
2317.159418598070
2317.579906676545
2318.810542904110
2319.466169613752
2320.193562243129
2321.215629257561
2321.897516207549
2322.624405510712
2323.305390184183
2323.786406961690
2325.014844876558
2326.166509398227
2326.612772416110
2327.239599648334
2327.845007993220
2329.017169828424
2329.721448053009
2330.136891621334
2331.521166863450
2332.133906738289
2332.722135868196
2333.919539575938
2334.163350412626
2334.991001123620
2335.802678043086
2336.956980808907
2337.595186154314
2338.586293439963
2339.102424369123
2339.622997858638
2340.487716969084
2341.547739139687
2342.414567857724
2342.993557227488
2343.733534026581
2344.896752887304
2345.445435688572
2345.889485859424
2346.876792313937
2347.524933722851
2349.008996857986
2349.359076945248
2350.040157195604
2350.841562585566
2351.613597381171
2352.231079431955
2353.308638704039
2354.124751962964
2354.883510342665
2355.812861578972
2356.110208451400
2357.233299804592
2358.001650892449
2358.474666973582
2359.372697659299
2360.725435588906
2361.199760490950
2361.871881299682
2362.492425178156
2363.222968410026
2364.160751000354
2365.179915048187
2366.015842350264
2366.398455482061
2367.401565775812
2368.318942318479
2368.880857422348
2369.372847133903
2370.491147769996
2371.584418667200
2371.920821168298
2373.133612525206
2373.696877295180
2374.179422204233
2374.972156871549
2375.933446858124
2377.059942144400
2377.598936196132
2378.552293866697
2378.823387488129
2379.881650622253
2380.885728156296
2381.277708661323
2382.023943405435
2383.317825618597
2383.944732182151
2384.864778388630
2385.159608629814
2385.954413865774
2386.848820787804
2387.818707777798
2388.646055552015
2389.488189314773
2390.106152471813
2390.709189736726
2391.803522277211
2392.147289968706
2393.278657034427
2394.088264495880
2394.737928579576
2395.888420125273
2396.257774449892
2397.254860862214
2397.760008350769
2398.241921098658
2399.922876702637
2400.455607093813
2401.056363575805
2401.620102073393
2402.812247266629
2403.208908335105
2404.073888630950
2405.162705408630
2405.547744016422
2406.836756932174
2407.402744902076
2408.063268757350
2408.726394492360
2409.563137694546
2410.330657646999
2411.355527611202
2412.218777437776
2413.034196472108
2413.475506180949
2413.996402146150
2415.221157238794
2415.940027688730
2416.665424294226
2417.729987361073
2418.098157219829
2419.274758211746
2419.940127446940
2420.446075110704
2421.028474944006
2422.248364723336
2423.342082835582
2423.839465773356
2424.363754577580
2425.487399632868
2425.759119038685
2426.949272012051
2427.466703844202
2428.743429420990
2429.256344409600
2429.946906027426
2430.807484788378
2431.634852950811
2432.292952934126
2432.800611643125
2434.002921800513
2434.888229777014
2435.759554500305
2436.169928735171
2436.987036307212
2437.411411079879
2438.753358267410
2439.508334999428
2440.161663514307
2440.888006281528
2441.996770775769
2442.426090630957
2443.200739994313
2443.878451998544
2444.855016907482
2445.621425604038
2446.727013224311
2447.346216864226
2447.767955854008
2448.716951038022
2449.459297152767
2450.026295184388
2451.529166450273
2452.084949079302
2452.399676413909
2453.429840016958
2454.270616884774
2455.040226644154
2455.636802734593
2456.334858404530
2457.643132718856
2458.286044483897
2458.990328345537
2459.617766427269
2460.261059019056
2461.027680173709
2462.289332007038
2462.775453691805
2463.791632124408
2464.306891201796
2465.252271186589
2465.713826279134
2466.747590225987
2467.316260745993
2468.447390286341
2469.022276368464
2469.908501678963
2470.939865580403
2471.332479086042
2471.775719549205
2472.742228888366
2474.096791899698
2474.509010061975
2475.557493868021
2475.913645651932
2476.644430954527
2477.920320386394
2478.158056383443
2479.115755750347
2479.937438653907
2481.094281236889
2481.638534460153
2482.123190088548
2483.092482923997
2483.843333155210
2484.299817946996
2485.691134221213
2486.399278050742
2487.097976619594
2487.663794210833
2488.408433012311
2489.301707106654
2489.966248659366
2491.294684402308
2491.395873633218
2492.435169069556
2493.512115157097
2494.141706965993
2494.508570901055
2495.243501637243
2496.364687163523
2497.382901321452
2498.094012563471
2498.620486840337
2499.337028991882
2500.321754457368
2500.755741955703
2501.813053767238
2502.639750563497
2503.521178521382
2504.070746113455
2505.044672359053
2505.641177010533
2506.344098090762
2507.223933503004
2507.749982076887
2509.167321519367
2509.824982119598
2510.305889142292
2511.101024378266
2511.534122747076
2512.826733022063
2513.560826087148
2514.149148007349
2515.235742484694
2515.817284027460
2516.552129565851
2517.553179408520
2517.935051038509
2518.572876363335
2519.987537437722
2520.696540259755
2521.125823764258
2522.360545504151
2522.584544635788
2523.411536085640
2524.148309128258
2525.427982613046
2526.098985067302
2526.642012229326
2527.393668560032
2528.449996131240
2528.894708051121
2529.835231771679
2530.320259548684
2531.429148243692
2532.426206701417
2533.205935491707
2533.599752961764
2534.142757531497
2535.251016625332
2535.951027467878
2537.010747010378
2537.618090168333
2538.518818987685
2539.056115624987
2540.041590352349
2540.438240839097
2541.519384387456
2542.182644962619
2543.064492367243
2544.003143674578
2544.720186929462
2545.443054208321
2545.913632777899
2546.675894172513
2547.645377339918
2548.824933441001
2549.583879253886
2549.712457036675
2550.668826761618
2551.812744917680
2552.328996679516
2552.803685174368
2554.006759460837
2554.800823855970
2555.662284903252
2556.274205401065
2556.952797792123
2557.826743316050
2558.161946388335
2559.516586085630
2560.319857606224
2560.909731918984
2561.921086805994
2562.358027281862
2562.890680936753
2564.157420232711
2564.807582249140
2565.497300276347
2566.318315296902
2567.508562555439
2567.807452115631
2568.688920929416
2569.294703076733
2569.847531720041
2571.331775783385
2571.913157240795
2572.614429923754
2573.350493144256
2573.915468711453
2574.934774516267
2575.574148662158
2576.279745198054
2577.563389176680
2577.895222284431
2578.847922779170
2579.524528944468
2580.427015485394
2580.849572704065
2581.692796833672
2582.624682182885
2583.973947773375
2584.288389736617
2584.642763728417
2585.765351758961
2586.304317915919
2587.330472477271
2588.166662295304
2588.953254655100
2589.478981517153
2590.646336271004
2591.295338435551
2591.812107245504
2592.353951379377
2593.616056488058
2594.339909541659
2595.202301522291
2595.982217491835
2596.608063832381
2597.209634861358
2597.923588029793
2598.997975262603
2599.769304197779
2600.675452910813
2601.271189070364
2601.898773670904
2602.941995785036
2603.529944396638
2604.395054977101
2604.670433193189
2606.294569431141
2606.879636880591
2607.505666289592
2608.095793055908
2608.821072607086
2609.726978211531
2610.499227783842
2611.673925447244
2611.957634636855
2612.982532045068
2613.763571833144
2614.251395649736
2615.188169892220
2615.891779800317
2616.634460829370
2617.861947548447
2618.231563102723
2619.258272311751
2619.950246277269
2620.377622211068
2621.008866997054
2622.461951538827
2623.130847257916
2623.778631800565
2624.368763981117
2625.280105158797
2626.181953618129
2626.660294378707
2627.420884735942
2628.435769138172
2629.208217646748
2630.253182817287
2630.712602827614
2631.263289098634
2632.046804821573
2633.080574461562
2633.627478287194
2634.813198739897
2635.625538222533
2636.063153330984
2636.552742608570
2637.929202370323
2638.149460776605
2639.250936706170
2639.962000433571
2640.790317621279
2641.739165782091
2642.420187518311
2642.998059722924
2643.623639986598
2644.309192618212
2645.818762603876
2646.326697716447
2646.809978326763
2647.781949864405
2648.413329306272
2649.230871589965
2649.929379241373
2650.730337330206
2651.843568816542
2652.299651767934
2653.259231063123
2653.921961971513
2654.648645713701
2655.354158727758
2655.900067342671
2657.210444332275
2658.018227885070
2658.641756125692
2659.300844179284
2659.854253416901
2660.727432886676
2661.746086471136
2662.618904518412
2662.862325255352
2664.201239276099
2664.859466427774
2665.530127663199
2666.058160808657
2666.972607213233
2667.618132287654
2668.827414999603
2669.563085237463
2670.220319670594
2670.763318098422
2671.698989157807
2672.271694860476
2673.090501611399
2674.249118088231
2674.842954312338
2675.667086873745
2676.040140574616
2677.477427837509
2677.931510887707
2678.074658194241
2679.355919078003
2680.394830289935
2681.144519640909
2681.884452526333
2682.434664291757
2682.909461639821
2684.074163862828
2684.823907979984
2685.599226345173
2686.592224275384
2687.002126547877
2688.068796226443
2688.679942648229
2689.183974886735
2690.234782621899
2690.898874715502
2691.845798804630
2692.733316704972
2693.435874244025
2694.152671179504
2694.528855470612
2695.381503844671
2696.515158369973
2697.387463412008
2698.055879685044
2698.524749168223
2699.619513081427
2700.114410633336
2701.301779634679
2701.413749185793
2702.374464374890
2703.771507098883
2704.271247430076
2704.729981308795
2705.621111415016
2706.438102379548
2706.885819229743
2707.960418042005
2709.098406675459
2709.526409641835
2710.241287114533
2711.045846297538
2711.742118851846
2712.541482565221
2713.275819468517
2714.452799628912
2714.543909414392
2716.158796345063
2716.437204663210
2717.194424867732
2717.722613073420
2718.471277888981
2719.917386914173
2720.294871011417
2721.227642542806
2721.763011526570
2722.621866869199
2723.271304619907
2724.307808555156
2724.598984704046
2725.861459856163
2726.616820179818
2727.234940316003
2728.172085120943
2728.674853247185
2729.511144803753
2730.017266361601
2731.147989381787
2732.106945034334
2732.925238080393
2733.409330429751
2733.785100795896
2734.945003578483
2735.972953395998
2736.159189333406
2737.407205717789
2738.035872139921
2738.911636605670
2739.744320044128
2740.292203688992
2740.809801460027
2741.706307112992
2742.816685981928
2743.792826612086
2744.041715195175
2744.969770524544
2745.867181059187
2746.237196948894
2747.028517564663
2748.470630151654
2748.705995157488
2749.494942127290
2750.576204472229
2751.070444037565
2751.889336587547
2752.648305953050
2753.072144571622
2754.244916789772
2755.480630153217
2755.712358703503
2756.571406059473
2756.894408761161
2758.106743573824
2758.712778084840
2759.723109856514
2760.278018127885
2761.414249769337
2761.790165084806
2762.749148924906
2763.341925807925
2764.082016728766
2764.852475448563
2765.800173491985
2766.713847007944
2767.426617876177
2768.106760188756
2768.706733335296
2769.300645772763
2770.296951696363
2771.315702543998
2772.182003915696
2772.529525692511
2773.293305666503
2774.444398431179
2775.000121055472
2775.491820933085
2776.273649507328
2777.520854180795
2778.334666864106
2778.697656048269
2779.775688677201
2780.250962453503
2780.725593728585
2782.088757085722
2782.595898261689
2783.584557692155
2784.432752353565
2784.826996764547
2785.677052761004
2786.407918165914
2787.379044400552
2787.899889672079
2788.746617074250
2789.772840652667
2790.740144901275
2791.002723795475
2791.626331711044
2792.552929628723
2793.223090190167
2794.593280239680
2795.065147226990
2795.635309976687
2796.416816079342
2797.388806438272
2798.027943246605
2798.509858598727
2799.638403815975
2800.389429456656
2801.282904962755
2801.946554711485
2802.628583088239
2803.333839577846
2804.251940036335
2804.440070650595
2806.297570420475
2806.400587554801
2807.373764981880
2807.922836959962
2808.606836167336
2809.587796183790
2810.309849907079
2811.052483665560
2811.880772221667
2812.666078733536
2813.719568213800
2814.154906186716
2814.784503670912
2815.308380250086
2816.626539127746
2817.296828015084
2818.128826206370
2818.902203752059
2819.585519254206
2820.027434036921
2821.041964247866
2821.797887866380
2822.636639799944
2823.456039916275
2824.355876219048
2824.716444893978
2825.842280436447
2826.508182687223
2826.947174223074
2827.643935163256
2829.184106402203
2829.667199143676
2830.331584233211
2830.891714780132
2831.672816200554
2832.585084780868
2833.272628495023
2834.204727331972
2834.917953597572
2835.701670039474
2836.608828666011
2837.060081239284
2838.028356227056
2838.356245258970
2839.535671024909
2840.307454887112
2841.162316737349
2842.138565751932
2842.328087472723
2843.231425880952
2843.811706443857
2844.848006548716
2845.924193025257
2846.550881042520
2846.807762761182
2848.173099757268
2848.759162917691
2849.248928844562
2850.144830418794
2850.793953363409
2851.873130924314
2852.946076561842
2853.369798113600
2853.714589341421
2854.891685339132
2855.329269435407
2856.419144047832
2857.051684795571
2858.264677598612
2858.633420242861
2859.264488843897
2860.160476760982
2861.018690957752
2861.611672359001
2862.277403370179
2863.395484017575
2864.235394590575
2864.775382054457
2865.782910554667
2866.176023101166
2866.525425442501
2868.062289564484
2868.810421885595
2869.378486852201
2870.136561102861
2870.884965805790
2871.774407757608
2872.332831032230
2873.027000464688
2873.925811268045
2874.959810180040
2875.494900035565
2876.551370288281
2876.855491537636
2877.826787577277
2878.280167788757
2879.194419677721
2880.356657604991
2881.094395898726
2881.573568023188
2882.451928152504
2882.849405849566
2884.036937891564
2884.732937803604
2885.254814105029
2886.251773366758
2887.143457913723
2888.164018490741
2888.301193344341
2889.028912832176
2889.968510676897
2890.668458246861
2891.822932554260
2892.553255017139
2893.080124039020
2893.773852420407
2894.611381279357
2895.567883490371
2895.703895200762
2897.247852145689
2897.744201852024
2898.335975802602
2899.363104241278
2900.182797710170
2900.688482050982
2901.156524715545
2902.149727034336
2903.321864339053
2904.112743582978
2904.537779419507
2905.262105602161
2905.960321646758
2906.807327595012
2907.704323721338
2908.431397171517
2909.045705022168
2910.252890026117
2910.776583957004
2911.286387933480
2912.295412891745
2912.769152378989
2913.599789225114
2914.816520559402
2915.258310436582
2916.374209430612
2916.743735058516
2917.363635053576
2918.113665106396
2919.225118934259
2919.923873068974
2920.756528604558
2921.389808662530
2922.115975855533
2923.138606870535
2923.619753283628
2924.334792464457
2924.850376716105
2926.377081014099
2926.921770242950
2927.540742233680
2928.172578018700
2928.951258369432
2929.793445763094
2930.331611612815
2931.531775495041
2932.304559418166
2932.767322576545
2933.640001725488
2934.505327453506
2935.000938187746
2935.769506955691
2936.791794891387
2937.249849407753
2938.471237686991
2939.225342714458
2939.801088639994
2940.203758717491
2940.954410438459
2942.164909559179
2942.912618851961
2943.583630303608
2944.525675134426
2944.840604611939
2945.980615158506
2946.749750765881
2946.956900606123
2948.130572813873
2948.936634773174
2949.980969337033
2950.380339069371
2951.265362884795
2951.787920126545
2952.725834670842
2953.116205418974
2954.469739599477
2955.264465773669
2955.834024913207
2956.362420030615
2957.222489215719
2958.073217698700
2958.881169241024
2959.389911756726
2960.276819357621
2961.547186052173
2961.774074569571
2962.766058927716
2963.360118476545
2963.786952383838
2964.792387194016
2966.111556260455
2966.469788019443
2967.061191142763
2968.316666701456
2968.563522585345
2969.237567342400
2970.350077169324
2970.918530399474
2972.007025779812
2972.427056054507
2973.505379201104
2974.188186945504
2974.768679248416
2975.384328048669
2976.169970481516
2977.165452865328
2978.329492848266
2978.799392059455
2979.190826118074
2979.939258363001
2981.130184419395
2981.610327865603
2982.295663156957
2983.394490623827
2983.991851845065
2984.954194915543
2985.528158238160
2986.162704747882
2986.952213624055
2987.553043390156
2988.721669946641
2989.420394360667
2990.320784584516
2990.886774496451
2991.396080981286
2992.301864257941
2992.950688673321
2994.059771366287
2994.824981008274
2995.322827196411
2996.136785700108
2997.305894370352
2997.541044873482
2998.557942059780
2998.640210856723
3000.285693515613
3000.837358009270
3001.858859983916
3002.036748048509
3003.103861194798
3003.500045326817
3004.586768078392
3005.310339821884
3006.171574544908
3006.934808233147
3007.684361823190
3008.485527613699
3008.829030503279
3010.065373405626
3010.540854330299
3011.110443198596
3012.528934321012
3013.251613153272
3013.540989389647
3014.457936080742
3015.012811678383
3015.744341408483
3017.038388718978
3017.530190646808
3018.352655399419
3018.919846296277
3019.879143473731
3020.670923495426
3021.190826314255
3021.730024838310
3022.976635568948
3023.756818249913
3024.453045502561
3025.141283754105
3026.022476367545
3026.338516969381
3027.225021924094
3028.141100783282
3029.199283479635
3029.783478922897
3030.562394710030
3030.875317050484
3032.177599342586
3032.627356732533
3033.305693137286
3034.333472949483
3034.884393498414
3036.143212604420
3036.709006204267
3037.178858016713
3037.719194509753
3038.681466170489
3039.726607284075
3040.347033886535
3041.335932819996
3041.781217845129
3042.691424540653
3043.199545595624
3044.114205769191
3044.871352308443
3045.522561363673
3046.675994435293
3047.192532531222
3047.957821539304
3048.814279455494
3049.512996740558
3049.804214214785
3050.779278641240
3052.334669091407
3052.529086241639
3053.144269671683
3053.897699935606
3054.841119691188
3055.428885414962
3056.268731093766
3057.054341464329
3057.790511056524
3058.794413646677
3059.441107688928
3060.255791461964
3060.475853073192
3061.615744556480
3062.173779557615
3063.371919048819
3064.016075594682
3064.753777691468
3065.517587136534
3065.935238805664
3066.768464854862
3067.714740437100
3068.663526025831
3069.131190142425
3069.955651661313
3070.970497597456
3071.473773790224
3072.316172053367
3072.755633016505
3073.476796228949
3074.978918210177
3075.263494034084
3076.319388607610
3076.749635325313
3077.202688448814
3078.637407358253
3078.823827199405
3079.731408909195
3080.907058005708
3081.523145243998
3081.912440908912
3082.991721852579
3083.751418000579
3084.161134365419
3084.986523769450
3085.986040660109
3086.920631999360
3087.558864787587
3088.356978305225
3088.768053343479
3089.417900608122
3090.436279203660
3091.544626349835
3092.018201480415
3092.599913189875
3093.686064939743
3094.336044643415
3095.109879203223
3095.441564019307
3096.540553898555
3097.229816287262
3098.407372062089
3098.967458755894
3099.438608986765
3100.476319686364
3100.845843723155
3101.681891664081
3102.677582908296
3103.651213711229
3104.171275849281
3104.942499093436
3105.468787486137
3106.519487162334
3107.143030118624
3107.833465741071
3108.496747830245
3109.629460258718
3110.615241996122
3110.997344000504
3111.416263359153
3112.461517069174
3112.996854676185
3114.073634384411
3115.053793471181
3115.485757790394
3116.242557481803
3117.071428033324
3117.821725301773
3118.402598709669
3119.137132447480
3120.195088018131
3120.949684814537
3121.514235744175
3122.573312745785
3123.158639412935
3123.921734467125
3123.969284044902
3125.552025566810
3126.283446776757
3127.059258219195
3127.698138879628
3128.250444932461
3129.027162742480
3130.092853703595
3130.613828824665
3131.184052344685
3132.379557190309
3133.141761363326
3133.775685806863
3134.490755983282
3135.023537012481
3135.812422562325
3136.743566043472
3137.518740552364
3138.597948387778
3139.118159955207
3139.533615793547
3140.616483592813
3141.014870625791
3142.079274990994
3142.878696576351
3143.597812405010
3144.259788697613
3145.289104658763
3145.939593651856
3146.420389984972
3147.354875370217
3147.614323847788
3149.305858304328
3149.891039332957
3150.190860789125
3151.100203834195
3151.846884429035
3152.635196509916
3153.206996441959
3154.222180481650
3155.164645086656
3155.512436352325
3156.659413467190
3157.214350023806
3157.776492374897
3158.689151846568
3159.261302187485
3160.233826137660
3161.144916423949
3162.040408517500
3162.609094426712
3162.901869215820
3163.731693005384
3165.047295260953
3165.323525893358
3166.563901270248
3166.837048614611
3167.965055669652
3168.519797936322
3169.382076471169
3169.966469517259
3170.447438024335
3171.678595478365
3172.727767148570
3173.007545300794
3173.850482222122
3174.611834554632
3175.265915143087
3175.805942022000
3177.024955553613
3177.687346481547
3178.639375522040
3179.064975987022
3179.699583469745
3180.876664454776
3181.396394197767
3181.843475043472
3182.865033603971
3183.839800561305
3184.682880235462
3185.287262562006
3185.900959414256
3186.397922099648
3187.298673698619
3188.365423728646
3189.107233415635
3189.722873718300
3190.493130616216
3191.341964225821
3192.030362695337
3192.486599461516
3193.446471709754
3194.436589418337
3194.820266872095
3196.069088543185
3196.699218482321
3197.192884672855
3197.875887411042
3198.775552451580
3199.222781624789
3200.709685729512
3201.250660061171
3201.818595280892
3202.303914542758
3203.464792564141
3204.047804417359
3204.898957525397
3205.267273390570
3206.513514006837
3207.380672369087
3207.841547506868
3208.710954088245
3209.286408761309
3209.858848270759
3210.808332551050
3211.856247100191
3212.460017890610
3213.308730460296
3213.978751199193
3214.430204689131
3215.448353020167
3215.977161738154
3217.309421256250
3217.384602443485
3218.593572615728
3219.201878469794
3220.224916887233
3220.753809300795
3221.062736897800
3221.957872350013
3223.256650900075
3223.946796292477
3224.474234806785
3225.297074709455
3225.859559979744
3226.644826362014
3227.571587689441
3228.158869597308
3228.991203344949
3229.969712204889
3230.679257392355
3231.201971432282
3231.968839893537
3232.900372681474
3233.261347690281
3234.139598413994
3235.424929524757
3235.976626365680
3236.607594671379
3237.193586863117
3237.823845080466
3238.968291196585
3239.389162920737
3240.662072530199
3241.065196463283
3241.645060027405
3243.052426546067
3243.383300736457
3243.763469333004
3244.668575463769
3245.627901237620
3246.582601544997
3247.317036038514
3247.872498113450
3248.672610813042
3249.236468010958
3250.050818762921
3250.746785163608
3251.958919953980
3252.452151099174
3253.134277234876
3254.003829358141
3254.586291616739
3255.544558295442
3256.045495082434
3256.703461830435
3257.741082230577
3258.801415431572
3259.397364099325
3259.820792256317
3260.552644195575
3261.211754836120
3262.329966378377
3263.139880393373
3263.574637767210
3264.879639060097
3265.040473776001
3265.958668464247
3266.749946245610
3267.507821636392
3267.907676262492
3269.268089141014
3269.783483398151
3270.681914436088
3271.253715110610
3272.062993574683
3272.718752706933
3273.029601645643
3274.618708101533
3275.229503979970
3275.847335877264
3276.323750119313
3277.407342518363
3278.057945673889
3278.706607051816
3279.469023061727
3280.202799668729
3281.259968968348
3282.045408809187
3282.629528710247
3283.290519909203
3283.753337910061
3284.803933014967
3285.606677401310
3286.393290495389
3287.419996959440
3287.785366494315
3288.535696321145
3289.235483883857
3290.099088345379
3290.774236798955
3291.722396728180
3292.293461480615
3293.207761239422
3294.197929188236
3294.560628095468
3295.248908926984
3295.816225954613
3296.844840101076
3297.877909934460
3298.702645986526
3299.140946298869
3299.577514245521
3300.804103312777
3301.403855441055
3301.932420896145
3302.886880629245
3303.862936585852
3304.440588804017
3305.360541873969
3305.752755707993
3306.873547293270
3307.181047372230
3307.856121464561
3309.242710631193
3309.810771703250
3310.488389444817
3311.359362069198
3311.784844482468
3312.347306625560
3313.641866806323
3314.292116311739
3314.834578649241
3315.715797998906
3316.702908361246
3317.288461878250
3317.896591731763
3318.521918960281
3319.269507910764
3320.295549723381
3321.317808023361
3321.760510520349
3322.437598783930
3323.294247015948
3323.720108338485
3324.796922868881
3325.308845558073
3326.482753161539
3327.227457559073
3327.512003831071
3328.598804541562
3329.298171115834
3329.952210213498
3330.634802711193
3331.239411907836
3332.586775479545
3333.251438280981
3333.875322614751
3334.309304972898
3335.082646456708
3335.992489794987
3336.736317959559
3337.733733678279
3338.251489828382
3339.109050063705
3339.739213725223
3340.867502303703
3340.999049336809
3341.763290632860
3342.840431318003
3343.810163988712
3344.111847571434
3345.494129308050
3345.765867296345
3346.290080293091
3347.116729050830
3347.927228176489
3349.133973062432
3349.604004971682
3350.316144887944
3351.083436023064
3351.674821559209
3352.800615628097
3353.124147974162
3353.915526453316
3354.691608115593
3356.167546550198
3356.295576223405
3356.960909413023
3357.701779641738
3358.600078787954
3359.038440376880
3360.188095036415
3361.137551281368
3361.476029046649
3362.534040016756
3362.904461375783
3363.815872329611
3364.458337981128
3365.483584979671
3365.874546590230
3367.036083114964
3367.662838925399
3368.445634592640
3369.315165789497
3369.585415976216
3370.155071655223
3371.524098080537
3372.393809471456
3372.907707001629
3373.552491672811
3374.233029900721
3375.248162455819
3375.781025728599
3376.362746676429
3377.515175965586
3378.081953025065
3379.026462473059
3379.708623048078
3380.460770755049
3380.851647704313
3381.758026378021
3382.542971880687
3383.366828871654
3384.469435982159
3385.013226671618
3385.591514520803
3385.989009458555
3387.175025341263
3388.005379050429
3388.405998497275
3389.556070260506
3390.034970535413
3391.163521680808
3391.565336365503
3392.482823434452
3392.827343758927
3393.576093916267
3394.968208199941
3395.487032747220
3396.225821508881
3396.768125858086
3397.742800549302
3398.163979526143
3399.031718869946
3399.834171924571
3400.918091110374
3401.357496093086
3402.065942971078
3403.022921197757
3403.693844489930
3404.189769090607
3405.086215366537
3405.589639467983
3407.128899132217
3407.437639268327
3408.222129428743
3408.690064401160
3409.564558794761
3410.138682451329
3411.483041197070
3411.756090467727
3412.597137179052
3413.495998406427
3414.454842965123
3414.630875291914
3415.521534463843
3416.344267448263
3416.980628070530
3417.995437875492
3418.892955076664
3419.409483246796
3420.275260625441
3420.612178219835
3421.500504781446
3422.268665241957
3423.263849746973
3424.206785465019
3424.609119723799
3425.136188581271
3426.254621660589
3427.071987185337
3427.531027844529
3427.898739096590
3429.504035466478
3429.855250404847
3430.839084024042
3431.599156358684
3431.753035731978
3432.761654100764
3433.535865543037
3434.449880682175
3435.281835041577
3435.926067298216
3436.693240363073
3437.367436372124
3437.994280017044
3438.850861125944
3439.555940868203
3440.394956609060
3441.076950869728
3442.150787708263
3442.720321947914
3443.416396642898
3443.916682610467
3444.496632499377
3445.771442256957
3446.621519569914
3447.140477835579
3447.919397753165
3448.457702610107
3449.459307799162
3450.070457056260
3450.727301986576
3451.533948783007
3452.411371640232
3453.442184878902
3453.934002761928
3454.376166096933
3455.475791390084
3455.962223092833
3456.553348595222
3457.750048415338
3458.732447980000
3459.263970718352
3459.486487347584
3460.711287205741
3461.175904351492
3462.035246438717
3462.952183145144
3463.569310951448
3464.274342257237
3465.369834041853
3465.993564133127
3466.486047228418
3467.079795761179
3467.824552293818
3469.122362641461
3469.750071765168
3470.253256656495
3471.315514042073
3471.695018384583
3472.360828827777
3473.406196440316
3473.935585977987
3474.871631942507
3475.852436778410
3476.201826766766
3477.066031500960
3478.149071053346
3478.259409242437
3479.141936060671
3479.880820144359
3481.027533733260
3481.952962199402
3482.239163423156
3483.129291883465
3483.334386193451
3484.758073071250
3485.170633936717
3486.073632450704
3486.814450563704
3487.732607727110
3488.230399472812
3489.279191985402
3489.555775983488
3490.402476846396
3491.121033159109
3492.144598321993
3493.161122448673
3493.395411694161
3494.344634124433
3495.053441055593
3495.563995092890
3496.214274485819
3497.672266317452
3498.076943411106
3498.658129792110
3499.491303327691
3500.395437233981
3501.103634768657
3501.508900752887
3502.402290199036
3503.113024528553
3504.291128798175
3504.956088285620
3505.622215266410
3505.987145376414
3506.762011875469
3507.939889513950
3508.213463086145
3509.441245324642
3510.091901411316
3510.711479920082
3511.619064016472
3511.991028318328
3513.029074093843
3513.615993396683
3514.359232927151
3515.243788168090
3516.212369528713
3516.780403990833
3517.569582855934
3518.057239304216
3518.600267030890
3519.636992707164
3520.798416997162
3521.241603045009
3521.924011019602
3522.607180087772
3523.445259893016
3524.276826687650
3524.891527269861
3525.279441415923
3526.706622731940
3527.291999824740
3527.913748491216
3528.740853547146
3529.480356003925
3529.920746982273
3530.608339012862
3531.997546082567
3532.281436181486
3533.467987106007
3533.943190152695
3534.357158302867
3535.376894650616
3536.074246474356
3536.918892373030
3537.664916621094
3538.161567006064
3539.514496295131
3540.157577102721
3540.286908008339
3541.267095456929
3541.880569200159
3542.805627636191
3543.855588830673
3544.578604491100
3545.006961694219
3545.729768324369
3546.667837624501
3547.254903791836
3547.870739139417
3548.915676425579
3549.714058464894
3550.333938438763
3551.091109434721
3551.964100153837
3552.459456364221
3553.335741994883
3553.603770741184
3554.920858007020
3556.040937299845
3556.254894604270
3556.940153553330
3557.669633732960
3558.400542710797
3559.358320776121
3559.959205246690
3560.810521776652
3561.582759720214
3562.284563231600
3563.284344431079
3563.715822042751
3564.158381952616
3565.156472276919
3566.011062955774
3566.947149679197
3567.508757162130
3568.449163184477
3568.958630346653
3569.487349635228
3570.233924486156
3571.433300250366
3571.955402288551
3572.749880979669
3573.595644239678
3574.111072883682
3574.949343576526
3575.944142330897
3576.199973761968
3576.755895830167
3578.263793429331
3578.889475715218
3579.610914866489
3579.903345722378
3580.910755290958
3581.461083273632
3582.453606988775
3583.048952191777
3584.244719284541
3584.550012227280
3585.395262366012
3586.199935402102
3586.833679837208
3587.493056501079
3588.257276187911
3589.180850671582
3589.855249634273
3590.874660986485
3591.644384990224
3591.812224119291
3592.661126105709
3593.361107679860
3594.435548475704
3595.405173684776
3595.887164919419
3596.292285541167
3597.490788118308
3598.331470722825
3598.381473490830
3599.552499463708
3600.131779405325
3601.196275334149
3602.006068530605
3602.622579671478
3603.239313787871
3603.863451471671
3604.658436059969
3605.411177158818
3606.305436502632
3607.299880902464
3607.831146416198
3608.537549726163
3608.873938649192
3610.223863400346
3610.634681745408
3611.319899709086
3612.183717611286
3613.164491292961
3613.828398248392
3614.623167112161
3615.030880992840
3615.956732955319
3616.180198502138
3617.840911261822
3618.293915990141
3618.835513718707
3619.746276508097
3620.398706913024
3621.137027025034
3621.760207106358
3622.531897618655
3623.628817865526
3624.010004110795
3625.117300218901
3625.593912463005
3626.439625547576
3627.141008025302
3627.537700303759
3628.409315677848
3629.745768805290
3630.147006507676
3631.002035984059
3631.541012330814
3631.991214479808
3633.208116721034
3633.755558946081
3634.571361803670
3635.210208012560
3636.247632237314
3636.905857633152
3637.604621012085
3638.357192955014
3638.541909073898
3640.051463061835
3640.192537071270
3641.634564780253
3642.121447655645
3642.740219014134
3643.309837339320
3644.291920969568
3644.756675428887
3645.685559901657
3646.807219400269
3647.226033235416
3647.754917409248
3648.877750141298
3649.621838601837
3650.113891577554
3650.542327847770
3651.580763231165
3652.800763731969
3653.307289206346
3653.904416199764
3654.607407757521
3655.305264526000
3655.935032346897
3656.996222510144
3657.663254277367
3658.357087518834
3659.274817984758
3660.000330324740
3660.477855169421
3661.251145223838
3662.252361536090
3662.487160025174
3663.639800164894
3664.499582720785
3665.241133162290
3665.987775022121
3666.387195766678
3666.982273564802
3667.977023542184
3668.934930646524
3669.746182901297
3670.205459120433
3670.979678073439
3671.871493298748
3672.490151882070
3673.269241159430
3673.735957053182
3674.594508418383
3675.846229868025
3676.389220013574
3676.884087311645
3677.667817708874
3678.498437689072
3678.927163595023
3679.826673707018
3680.870934156162
3681.721606025145
3682.141389449256
3682.726666286357
3683.776173962078
3684.317289707680
3685.070621976731
3685.803777602167
3686.690071099103
3687.362173616776
3688.459030323808
3689.073699052807
3689.345304656367
3689.940627408775
3691.105576450373
3692.067195842493
3692.524782972185
3693.572210876562
3693.966678280117
3694.724552141079
3695.620280357870
3696.180085536767
3696.851554174881
3697.940408790561
3698.516504201756
3699.389235564894
3700.251633100253
3700.496998721473
3701.699307239489
3701.862641503194
3702.723597261935
3704.254707628789
3704.500536915979
3705.176685174834
3705.936547249999
3706.449290039810
3707.568887852867
3708.131539821041
3708.808565365276
3709.653106360546
3710.582730524035
3711.420791136067
3711.708933911154
3712.677117294807
3713.204392251215
3713.802955427626
3715.252036270868
3715.565551708068
3716.502454872563
3717.027952007832
3718.016034024955
3718.255246283331
3719.123313680140
3720.276860428930
3720.823954778733
3721.544453066000
3722.243756509998
3723.290081433654
3723.780174458560
3724.367669718063
3724.988337445285
3725.928758488944
3726.906644117450
3727.857923880332
3728.415586036278
3728.522369016109
3729.657716056489
3730.434626046515
3731.204494738659
3731.818970906095
3732.807282139204
3733.743202244535
3733.924134511310
3734.999296216207
3735.600135013623
3736.311538971013
3736.875108120289
3737.999274778619
3738.707665162014
3739.626379518254
3740.107475032836
3740.835238269904
3741.183338188723
3742.322947665871
3743.107380799198
3744.013306578175
3744.696994719645
3744.972053342976
3746.373404724547
3746.698893832355
3747.510771020550
3747.886983105681
3748.978971804584
3750.032322260379
3750.585816881741
3751.234078737433
3752.057220415004
3752.480917024297
3753.367522988266
3754.004517906940
3755.324417121803
3755.563940415583
3756.560272848444
3757.120473681952
3757.918811537090
3758.424362384035
3759.596841210050
3760.005715374205
3760.550914254096
3762.061257883387
3762.503395022265
3763.016595552524
3763.797254726817
3764.302834172776
3765.177093576450
3766.181602835038
3767.062674048066
3767.458530560033
3768.356091486491
3768.897879492229
3769.893861668066
3770.508743217010
3770.845050619846
3772.196477284691
3772.752134695261
3773.574672210494
3774.234082455517
3775.156807105709
3775.533286814496
3776.137907802236
3777.034848937201
3778.160604072887
3778.954998709498
3779.323915841825
3780.114845629253
3780.665558252194
3781.784358443534
3782.274864084972
3782.950611842299
3783.912191812567
3784.608126379550
3785.596194282940
3786.176845137753
3786.661712615642
3787.267474376442
3788.196540439749
3789.126150634641
3789.925960210035
3790.521126067780
3791.600808939541
3791.767719509697
3792.469349667021
3793.580371165392
3794.078938968365
3795.061334576915
3795.695502932211
3796.559050271720
3797.156260424351
3798.147939657455
3798.490498346088
3799.288014532052
3799.756845039419
3801.223838597326
3801.920398863758
3802.518434364754
3802.673240151379
3803.912026567338
3804.664394717168
3804.995690756447
3806.224879044472
3806.835320745794
3807.517209589408
3808.516452256775
3809.049930720282
3809.606361694794
3810.528266875311
3810.982266369755
3812.018860674430
3812.810237197346
3813.834764536368
3814.140338442267
3814.974437562846
3815.437013996741
3816.193222972356
3817.430076977523
3817.933709359534
3818.610342382094
3819.453063263201
3820.121630266016
3821.159124813875
3821.398913046990
3822.139417148308
3822.890672133385
3824.091813038209
3824.712736937566
3825.386661948504
3826.161411022548
3826.517567845010
3827.399181649119
3828.424534034658
3828.725103793455
3830.062224617023
3830.734470848679
3830.992333179033
3831.890770242159
3832.867522651153
3833.361862420040
3834.053816065926
3834.718187803235
3836.009703192182
3836.481758768817
3837.262924784978
3837.901126432971
3838.433099140720
3839.015225591160
3840.326847417536
3840.962665384608
3841.674995050715
3842.173260794505
3843.259303236078
3843.809424794205
3844.403813427820
3845.123271992207
3846.009964137343
3846.844117336938
3847.541623247315
3848.518427115396
3848.959821824952
3849.575670700463
3850.467460778576
3850.830141861807
3852.051224446687
3852.951106443764
3853.632845318042
3853.944187300094
3854.782337008670
3855.692076677632
3856.383983390339
3856.992634027579
3857.774699818758
3858.583173442682
3859.743199707591
3860.187525055147
3860.567001641304
3861.421269951811
3862.226547265715
3862.827611964526
3864.076342266599
3864.584803659560
3865.274370662997
3865.976417149126
3866.687745977555
3867.300121634446
3868.228007547340
3868.805087093097
3869.943709294568
3870.360719347995
3871.101843786352
3872.226293645204
3872.628899270344
3873.178236340455
3873.639604334403
3875.176094097540
3875.732673267837
3876.362444359726
3877.294830915680
3877.493868500202
3878.471944535641
3879.285798311253
3880.097888910906
3880.538693722299
3881.725961660383
3882.274139563411
3883.199610127870
3883.544433599074
3884.380699373497
3885.132728342072
3885.730367497342
3886.747868338673
3887.648119511165
3888.394147263564
3888.806580469632
3889.365351907680
3890.358417549813
3890.919091675574
3892.069135579758
3892.645101150343
3893.158562669466
3894.262264202092
3894.779513441505
3895.686383405633
3896.108085060549
3896.652740729409
3897.759187768302
3898.892433049149
3899.269159599872
3899.941207201894
3900.602311312104
3901.422314969871
3902.084236876995
3902.707840067806
3903.881180418216
3904.666207635310
3904.904003078969
3905.922478903975
3906.687723720039
3907.326102993273
3907.835213622769
3908.922030854536
3909.319251440435
3910.641515587686
3911.230395806478
3911.780420469495
3912.472651581478
3912.785323740186
3914.089139116000
3914.861685127061
3915.433212620497
3916.274810207157
3917.021536228669
3917.649598318588
3918.450799827070
3919.027348437422
3919.823511938923
3920.421847646209
3921.727316341044
3922.223751411599
3922.702294233369
3923.781865295670
3924.311953933307
3924.616352107584
3925.729394166490
3926.749433503320
3927.484674111122
3928.015416603724
3928.644202615257
3929.343255570457
3930.508358547548
3930.806068753295
3931.399208559046
3932.537420584978
3933.243102248005
3934.248984158452
3934.602707173223
3935.315237972163
3935.851761297233
3936.763878684808
3937.600557457177
3938.754101364017
3938.879620822339
3939.903040196393
3940.546868643311
3941.264242535041
3941.790775091545
3942.742411047153
3943.678185439319
3944.089302635905
3945.000228130256
3946.044202351435
3946.534634541573
3946.848382833730
3947.904176980099
3948.326446830760
3949.590917501640
3950.433148028978
3951.012585554490
3951.375768868540
3952.180841887009
3953.242342523618
3953.768411637523
3954.339217401875
3955.296661778024
3956.326748290808
3956.737418545248
3957.525190834713
3958.321465089707
3958.804408427081
3959.522916559477
3960.349202860221
3961.442209769497
3962.030259611174
3962.831865491416
3963.266457441013
3964.057683832216
3964.634912998447
3965.672189021592
3966.501695301373
3967.027322073546
3967.740224830723
3968.846886394879
3969.268452283957
3970.019977142165
3970.742378729995
3970.985669265302
3972.593455019134
3973.107416476203
3973.729068309874
3974.488908725781
3975.219629301286
3975.649897802767
3976.636292591707
3977.377186890143
3978.190961731922
3978.956178679216
3979.755151213018
3980.270693471134
3981.022597874196
3981.889507859402
3982.455885150756
3983.010936617111
3984.084129317583
3985.148299198468
3985.637878645645
3986.222143164591
3986.581046536740
3987.735239978409
3988.334231369988
3989.234945378238
3990.134789071537
3990.649592372582
3991.216760943973
3992.462988978105
3992.900386232633
3993.197248272291
3994.193378456092
3995.242236561998
3995.780960718697
3996.921710534557
3997.109338021440
3998.085676506664
3998.831516753194
3998.953376885873
