6.648453344727715
9.831444432886670
11.95884562608351
16.03382112838424
17.56699429232556
19.54073262278475
22.22740545445941
24.58846621740820
26.77609594800414
28.46103510017752
29.70790935048097
33.00045600687051
34.72881297890481
35.86863837181227
38.12918472143653
39.56057294640318
41.84243854579169
44.03129006144170
45.42730008278229
46.49272715949141
48.34566182106785
51.08775192674649
52.12590223131697
53.83044519544216
55.58928033540481
56.83886594289099
58.38611748535838
61.13886475192175
62.13290472023388
63.70954306098115
64.63735966537457
66.74764184593781
68.59072792482501
70.11583715919350
71.60595947924302
73.35010543146826
74.29368843801657
75.53490411722811
78.07217086438234
79.78606249009794
80.56730085641070
81.92338089315412
83.69915700187411
84.95250710375497
86.80999667933877
88.28177659970984
90.37657318212816
90.71552593314697
92.45024325377440
93.39442393782802
95.97000164603771
97.33158825289807
98.22745786990108
99.83805080753655
101.1877170969186
102.6052879410500
103.6661310797678
105.9731937977588
107.2971036375260
108.4981066242616
109.5502586071841
110.6361976726279
112.6157699450495
114.2306398723820
115.5784139823771
116.6356717597838
118.3711623063553
119.5614916258800
120.2817341918528
122.0616322838941
124.2428371489504
125.2815361690545
126.3986993784246
127.3206348281152
129.0483000943209
130.1970382668577
132.0860053031175
133.0302283883319
134.9249638941116
135.8744976900984
137.2010834668406
138.0356990313049
139.4105995951457
141.9462405516049
142.5245124329878
143.9615911232873
144.9483276132617
146.3848096091094
147.8797291031825
148.6791376989273
150.5625106711583
152.1147485501154
153.2874104994293
154.4907156955164
155.2420799990558
156.4997285439415
158.4000270418246
159.8727775733136
161.2462175616941
161.7676625972347
163.7576737283108
164.6120093931756
165.7849132655712
166.8984076627879
168.8542152615192
170.4329617627562
171.3435913767245
172.1109726296460
173.5594350265921
174.6387255634251
176.3560413209382
177.7259420577480
178.7928649865600
180.2429351355141
181.5690410198014
182.3836847672303
183.7977731855810
184.3628313266473
186.8960606802271
187.9450259874231
188.9594686746299
190.1395967633932
190.9702222761121
192.8230754082351
193.5366786394328
195.0968146886403
196.5407645624497
197.8610095077237
199.0910217062413
200.2454408454250
200.7540601401831
202.1949514428841
203.8439019449593
205.7461765204526
206.1614100930471
207.4576800789717
208.6257624071707
210.3018863035254
210.6774621945037
212.2314465116863
213.5208741407826
215.4464514511933
216.3400341493431
217.1983339649424
218.4468831000583
219.2620902163804
220.7873883926188
222.4669542636690
223.5251748458998
224.5905695547402
225.9528174460175
227.0506152396870
228.2702606683105
229.1293411187776
230.0655467222500
232.3504135703170
233.2789359169851
234.5851234236159
235.2781440849719
236.3194651062134
237.7502459859493
239.0184393184110
240.0792385969134
241.8295381920981
242.4714484372455
244.2781399513231
245.0931465421787
245.9414461421441
247.0492019752381
248.1925916339491
250.2567812704718
251.2412027861626
252.4426428674970
252.8783455516520
254.6995428110910
255.4817143518759
256.7950960082609
257.8270419645350
259.2255084437329
260.9015569091697
261.8358472432835
262.7253963956908
263.9390328653304
264.5895165938749
266.0183558387811
267.8667418320441
268.7689730154733
269.9200199321573
270.9766252279050
272.1129028149580
273.5109563898494
274.2948564917397
275.0855464180449
276.8441204674513
278.5259446665362
279.3017347241840
280.4958776669326
281.2600352094962
282.1700465556286
283.9346051850069
284.6141607442663
286.5693715632272
287.1228829576181
288.4951078613905
289.8965208669500
290.7387849624332
291.6846405557674
292.6323414459822
293.8537844176687
295.7970564258327
297.1055031261436
297.3872213479299
298.7526974014432
299.7667030226546
300.9998428760803
302.1284712444804
303.2608702209550
304.4612908312050
305.9997149872202
307.0135391875010
308.1926239331999
308.8291207883123
310.2324663615037
310.5900346077028
312.8301279822445
313.8613231052258
315.0372635925688
315.9636679838721
316.8065969713456
318.4447616290913
319.1810525422424
320.2400134594726
321.2139948417371
323.0661008044553
324.0667748525776
325.5433981010211
325.9730435557303
326.9103916952707
328.1683216379723
329.2980622324639
330.7117062063253
332.1582347697593
332.8298453587030
333.9946273575361
335.4526898715799
336.2627177700548
337.1616846906346
338.2878933686914
339.1780222506110
341.2601360910632
342.4248516338688
342.8275849863273
344.2381837490431
344.9258197715614
346.1757594870234
347.4918876287076
348.4517462143325
349.8128591841966
350.8626832004258
352.3865086485634
352.9680451393329
354.4192965865070
355.0844028727056
355.7340520882728
357.4101922226722
359.0356311007466
360.0015688782679
360.9909423546227
361.8029073737830
362.8888817684020
364.3476597906453
365.1559204606275
365.9557070627088
367.6092137623118
368.6219609476770
370.4523996816534
370.6546457046381
372.0532207271528
372.5654812485112
373.8884009741047
374.9578827558015
376.6619656240936
377.6956268514719
378.5314343582157
379.5209168811632
381.0834464016473
381.6126273303475
382.9009140975073
383.7467511450698
384.6723250844527
386.8019690813076
387.5319580925268
388.6266565787231
389.4645089636658
390.3814349212105
391.4081961348101
392.7037633839288
394.0007872824286
394.8902551465212
396.4389185313459
397.0433540775269
398.4877165535773
399.6063223050457
400.1273218669137
401.2395167264266
402.1250056683044
404.0729879930044
405.0730390757104
406.2367211147730
406.9013647349483
407.7328782281266
409.1635321121252
410.2990636923318
410.9146419761782
412.4605366466084
413.4299035233349
414.8110202194700
416.0545896072682
416.8099165347097
417.5780507439311
418.7794901165903
419.4467372213686
421.0200944981761
422.6775716448534
423.3768220685723
424.1296024048940
425.5509629724622
426.2983507971669
427.6250336113895
428.5532813576856
429.2519120950190
430.5757000708274
432.2719912994830
433.2711870166069
434.0571246242440
435.0845391814135
436.0770206221904
436.5947303095509
438.4660897630339
439.1690284469938
440.8004528611206
441.5226090114393
442.5816548976488
443.7516286635656
444.9660226216478
445.6549457923841
446.5047349035519
447.5045137190626
449.1064896855325
450.5786711952741
451.3520325893270
452.3910226780469
452.8501644338360
454.2839209789548
455.3248497552852
456.2806735515778
457.5430130169149
458.6577919131896
459.6962723413011
461.0639882506630
462.0366373593353
462.7413185216199
463.7293273625743
464.7599671942213
465.4949747412478
467.7883675761524
468.1922982781408
469.3895406660310
470.3751672525362
471.0657001380494
472.6018422438058
473.2309762938537
474.7408234371558
474.9390207068699
476.7848913416408
478.0997389585495
478.8952752474576
480.0638975980033
480.9186660244810
481.4046201247246
482.7341601939950
483.9422992546669
485.3021360375699
486.3519451813066
487.4940422898590
487.9474514793184
489.5245061066340
490.4894989416655
491.2992345584626
492.0962141257011
493.2345230167986
494.6215451125582
496.2323766285787
496.9386160462217
497.5998510946333
498.7431187018834
499.5208925560176
500.7794731697226
501.7993312440637
503.0104820290077
504.3072720201675
504.8549148923196
506.5470365641305
507.2338639069810
508.1422652635192
509.4627550638716
509.7306175344356
510.8816791461648
512.7397233446022
513.8388264581010
514.6646709678040
515.4621159563066
516.6454089885229
517.2490660653059
518.8612414293253
519.5719669926461
520.4083295178432
521.8693490473511
523.0319461583329
524.0655898750916
525.3157286129082
525.8768112788450
526.8129877819649
527.6213080977583
528.8346176455692
530.2335977979498
531.4871874866722
532.5097963973640
533.0704870503016
534.1665626716716
535.5215659990696
536.4424042091220
536.9421994463888
538.4302356670146
539.0088067596407
540.9781855126896
541.7824090281136
542.9323013338534
543.4143466755261
544.4531020592266
545.4988528805813
546.3946780185476
547.7986484911321
549.0737107017939
549.6826206374584
551.0878898813906
551.8442398126119
553.1198031292236
553.9452812869835
554.8438427658964
555.6348085120701
556.5823966894880
558.6857905981536
559.1817167412671
560.4056306940930
561.2171412924068
561.9552444207550
562.9386943215249
564.4394272209996
565.0290301986610
566.1115047759553
567.5965566185840
568.2888596187052
569.6590957173082
570.7306643626597
571.3688390739355
572.3875055954634
573.0033180712264
574.2587862414354
575.5660555313315
577.1599178073206
577.7151295235742
578.5463032992988
579.4845357592758
580.9074618788898
581.4171629066303
582.9511654326207
583.1892879693069
584.6853848411324
585.8191034628522
587.4534745391081
587.9289222217320
588.7220641303522
590.0297715830855
590.4583914048790
591.5265666873388
592.9854493538758
594.1708148600432
595.0898842671774
596.1426357995611
596.9364536867771
598.1702978107783
599.0805091032425
600.1179497375707
600.8298151150482
601.5429606034734
603.2788236792615
604.6037409776122
605.3063884111064
606.4413631816530
607.1455121102284
607.7252265857453
609.2800483421370
610.0782996295252
611.1509440706913
612.3941081811540
613.4205143063591
614.2959978090388
615.5289946510033
616.7937337292545
617.0351670140474
618.0596720030898
619.2211128805937
619.9031979503587
621.8903832434197
622.8016738659312
623.4104026917744
624.5288404846682
625.1856859610660
626.5177954827617
627.3998316401878
628.2975707863781
629.4795024001501
630.2389218579202
631.8355420989295
632.8743421896146
633.5880887655442
634.7229080465690
635.3481127978751
636.2923788848807
637.0965220314379
638.7732794360637
639.7520947585419
640.9249178241862
641.5405226068955
642.6737895680383
643.4765279575549
644.8820762899847
645.5639117530284
646.2825329019514
647.2776287299483
648.8100421201292
649.9196088720735
651.0981091008063
651.8381875439610
652.4027938398839
653.5887194657009
654.2881254038905
655.8256757246265
656.4093938052896
658.0265210670806
658.9028427003704
659.4153079838617
661.1613188322215
661.6865977935980
662.7194821446658
663.5089419421258
664.5083452268779
665.1924885559223
667.0833687555149
668.1235903768147
669.0379366598221
669.4701685410438
670.7861146328894
671.4829507750080
672.5965586825490
673.7828565861851
674.5274901324724
675.6448621553732
676.8650079229700
677.9741085027164
678.8852918968589
679.8590388548032
680.7191089896914
681.4182370267558
682.2346639122031
683.5664076562346
685.1956689156155
685.7272649823228
687.0151886941316
687.7025119318951
688.3612667116906
689.8961297573882
690.7850565681101
691.3140596192458
692.4664727971355
693.5386031181676
694.8710680597430
696.0869047052531
696.8010306950335
697.8981227182967
698.2709452035291
699.3288365809790
700.6081190110243
701.2681384538190
703.1469116740685
703.5445828551358
704.7370373600481
705.5081243257275
706.8102166865748
707.6800784754992
708.3998521246043
709.5866152083408
710.0256770274256
711.3060072096032
713.1536682358297
713.7792170907692
714.5476905309794
715.6064167589747
716.3657739878860
717.1649556928943
718.4164245568371
719.5514963579890
720.2360704331459
721.6083115314974
722.5526085546854
723.4848698205802
724.7977282612757
725.3100578163495
726.5092520710817
727.0361905482005
727.7998862275616
729.4243176179388
730.5772363270518
731.7229699798383
732.5865719532627
733.0097719964327
734.1858779392941
735.3066445128784
736.2587316886973
737.1106894348608
737.9099505023553
739.3575484127630
740.1628473396441
741.6619567662924
742.4212306553269
743.1647208235265
743.8469969330221
745.2875141876403
745.3971737712883
747.0713025061259
748.3404798091580
749.4719546698962
749.8644935171790
751.0839631169152
752.0370902345218
753.0648337085321
753.9451762895120
754.8347072610591
755.6335028882264
756.5477007603930
758.5892576753058
758.9153732421355
760.1072040735431
760.9127999859154
761.7771609541696
762.3543006456218
763.6876478930907
764.7611709559606
765.6655365251607
766.9681187596739
767.6877170761188
768.9105490462004
769.5584635047436
771.0935442742226
771.6046267921770
772.0981507376187
773.3935074856620
774.1808322397825
775.8715915470875
776.9391269773523
777.6237258803210
778.5856213496561
779.1452044529776
780.2981678583688
781.5826024968657
782.0633806266962
783.2236512688705
784.4361064539579
785.1786388074907
786.5679824695748
787.6664751994014
788.1861478921743
789.2102002697789
789.9920610159653
790.8654318506480
791.6945919753135
793.4230675959830
794.3934255804342
795.1965225147392
796.0031934605713
796.9888287825018
797.9713349052583
798.8997278541355
800.0020043745437
800.7499202552365
801.3235015761865
803.0922795724488
803.9950116939989
805.2569096373897
805.7632074089683
806.7718030943835
807.5772485128882
808.1936731534601
809.5706383172528
810.6598624573806
811.5801060738264
812.9702565320160
813.5488911683668
814.2690736148579
815.9783015960878
816.2955530654196
817.3640022896867
818.1900319039012
818.8924667225964
820.2192816038138
821.6294360676001
822.7813227167951
823.2798461675102
824.1447411893431
824.9656168914118
826.0179038230833
827.0557658756223
827.8484943234529
829.1664666770428
829.9304528883871
831.0548086133088
832.0887195901213
833.3863017815395
833.6626014555598
835.0547784539946
835.4477262378695
836.4718083820587
837.3223911965045
839.1290787099313
840.1543138756796
840.4526539862097
841.9934328550918
842.2945346548980
843.3235235063277
844.7087378558208
845.4051092690835
846.1069381107622
847.2458650738893
848.3736209803456
849.7817331451529
850.3185880169262
851.6453818026213
852.1576573447042
852.9709313092041
853.6970996052691
855.0569710643266
855.9128783133346
857.3721103764421
858.2505844845442
858.9629270331302
859.8045226975584
860.9998318500445
862.0116694611659
862.7686377877726
863.4286241162156
864.5806464769993
865.3610830207505
867.0244098851670
868.0479520308127
868.7817081806435
869.4753258767607
870.2985857388055
871.5607329655021
871.8859666640097
873.5323921558670
874.1899583139175
875.5223099863661
876.2322233328372
877.3107428162140
878.4094925618576
879.2422747287456
880.0693797628919
881.0087676374123
881.8039423013996
882.3025585976487
884.3509741043408
885.0618052292701
886.1343878001111
887.0996192885303
887.4476880345946
888.6450842306919
889.5245038992439
890.7891758335340
891.4267929406587
892.2262681024560
893.7445180531921
894.4642965707563
895.6535291813646
896.6977778384833
897.5437756034267
897.9451867785391
899.0588010581585
899.8550242214411
900.9767514985942
902.3475784026619
903.5137482919633
904.0579540170826
904.9226793587579
905.8350081199411
907.0497799552885
907.8861391542295
908.5461083842989
909.6692684014470
910.3767345588147
911.6059911541693
913.2842654333641
913.7067890201356
914.4820958617519
915.7137061524200
916.0920032508493
917.0662534734931
918.1975456794134
919.2057749582772
920.6204222649542
921.0642212458248
922.2983867827777
923.1992781873115
924.0327284320880
925.1739256177570
926.0281979845336
926.6830804195392
927.3559643926261
928.6008275791847
930.0779816236655
931.1352289180345
931.7500045781819
932.7185210117274
933.6885582615295
933.8946981068475
935.7238315203526
936.1679611875669
937.2186653791712
938.2689967243571
939.6136911933796
939.9765864702244
941.5212007738608
942.3744651751281
943.0236032565196
943.8039755456256
944.8115236575300
945.4390945868122
946.7359540147571
948.2661091099805
948.9865523180562
949.9231539366066
950.3855334110905
951.5890297701710
952.6397626120147
953.3000582306830
954.4416120691637
955.2729773179927
955.9359638452869
957.5123757325341
958.4604805386243
959.5732744973892
960.1409823482634
960.9639922795281
962.0801892336646
962.4430983665496
963.5886441437192
965.1669839637926
965.7312069477249
967.0362820622951
967.7951222388930
968.5133170646458
969.6136386418659
970.7037729946846
971.4664009504026
972.2114575624352
972.9473250254020
974.0623405749894
975.6381963547993
976.3633979977772
977.5542569913113
978.1325251166474
978.7882319046456
979.7318599003964
980.7709317527036
981.9346745134870
982.4562157504178
984.0464020986597
984.7047659713881
985.5351977336528
986.8742420515064
987.5963563334832
988.6633905324418
989.1654593061376
990.0624324265718
991.0607136415608
991.8097561096468
993.8425046166461
994.2289506176643
995.2114143934571
995.8507427610642
997.0856226877334
997.5112480083517
998.8358846164030
999.8404576162082
1000.327976351191
1001.646907040498
1002.427158450589
1003.970902767915
1004.576906387005
1005.482790500319
1006.507048177703
1007.170370240274
1007.758383001757
1008.805640572910
1010.136973608170
1011.210867009660
1012.265963765088
1012.996101453964
1013.908793680616
1014.533569309955
1015.983215002204
1016.588467652886
1017.668938762939
1018.022236026757
1019.287720092077
1020.490912978535
1021.648046028462
1022.653679266973
1023.556534363228
1023.846174183031
1024.938427217511
1025.859775931188
1026.765689284345
1027.820430054544
1029.024130478331
1029.894747994613
1030.907321794983
1031.454479252728
1032.935601554190
1033.753203466840
1034.136189417520
1035.445541066383
1036.196846947082
1036.578648164140
1038.490598846792
1039.627656360891
1040.204324192310
1041.071348215879
1042.047444396794
1042.552483646403
1043.779058089705
1044.580849448255
1045.890142856011
1046.280095244051
1047.547856236463
1048.776901204987
1049.424873409030
1050.658779749284
1051.413945524902
1052.224908506600
1053.024764210079
1053.557261258084
1054.834626554186
1056.040861166006
1057.299054627747
1058.010817133447
1058.837364422201
1059.650293033083
1060.367376782154
1061.853880022186
1062.407540857302
1063.138570338113
1064.139522003560
1065.260847414978
1066.181334323697
1067.729481418426
1068.248722954493
1068.987640341246
1070.033803131388
1070.513881642558
1071.573824512287
1072.541431772836
1073.599895249148
1075.082921072980
1075.555534693718
1076.329047312987
1077.586157574647
1078.350601996102
1079.233474791318
1080.407666926582
1080.746674263469
1081.817119897513
1082.526078378961
1084.267807189093
1085.277677977123
1085.797487314085
1086.850368599542
1087.560569961523
1088.348887348407
1089.136532051910
1090.535343430148
1091.217708348691
1092.108311948565
1093.457139478156
1094.128304126421
1095.092813142620
1096.198804766642
1097.086210526822
1097.875082723630
1098.320825072617
1099.522859212177
1100.139196040423
1101.914750149568
1102.581618244100
1103.928974798573
1104.341299555565
1104.887699874649
1106.160470072343
1107.191841565078
1107.854038164643
1108.858493989922
1109.715524743892
1110.727366842951
1111.815014837570
1112.969224200563
1113.864383796772
1114.715696896951
1115.138135647423
1116.275919611895
1117.109464819812
1117.676475097108
1119.374823271138
1120.383020428384
1120.986329451431
1122.181887479446
1122.605432957263
1123.919203791428
1124.569501322058
1125.828175867136
1126.270673410797
1127.219060622040
1127.977138219064
1129.616049886090
1130.567562393813
1131.332302442943
1132.208115419789
1133.084930828518
1133.647794457933
1134.425024988538
1135.969688463330
1136.405692473249
1137.663287286700
1138.839984542687
1139.428005451623
1140.392630120308
1141.420466454108
1142.551251456161
1142.997047716829
1144.134199774950
1144.373747743425
1145.775932504501
1146.695183541119
1148.429092522489
1148.879961818971
1149.594371563902
1150.482084007040
1151.343552132788
1152.162275448963
1153.464581999287
1153.883223382211
1155.099106307676
1156.064818504367
1156.918171016700
1158.088960542575
1159.303337084976
1159.642489795383
1160.616348734983
1161.679117481177
1162.090280124707
1162.932329698222
1164.332081893799
1165.692261052196
1166.321511799652
1167.119590729135
1168.310247951267
1168.554206075470
1169.901496071739
1170.827818244443
1171.600455989287
1172.560323271721
1172.981390191411
1174.627116455382
1175.602848611048
1176.459663917880
1177.596910623048
1178.126459595166
1178.765682303152
1179.718676045451
1180.625820257852
1181.706444906464
1182.751262180922
1183.815604303120
1184.797034154770
1185.422348087522
1186.210491058577
1187.680187262271
1188.323785257930
1188.775028424670
1189.999022843404
1190.639037678683
1191.521022535955
1193.251893340709
1194.002680392713
1194.875899019957
1195.584512606487
1196.224695873708
1197.327711794757
1198.093098195422
1199.070758160545
1200.160817906343
1200.965909794987
1202.075874993051
1202.799828112979
1204.260091440429
1204.593872268404
1205.798257952146
1206.563156743295
1207.217326412859
1208.028425679462
1208.829866795932
1210.511139311125
1211.355814265714
1212.300141842501
1212.925221388531
1213.950164944461
1214.494588969683
1215.574034285118
1216.825364138719
1217.445584133774
1217.865177622241
1219.525749449253
1220.120096736936
1221.456848334025
1222.401491190099
1223.049250040167
1224.047515872503
1224.516632733569
1225.359931451478
1226.480946695805
1227.413112083206
1228.617241048033
1229.902782270599
1230.254102440297
1230.962343240493
1232.328179625064
1232.971838884426
1234.123536158578
1234.585635370864
1235.658703368776
1236.304145751733
1237.414232462315
1238.927801945322
1239.822159621458
1240.363149984264
1241.221738592076
1242.097076585800
1242.836486321912
1243.680922711998
1244.783937940827
1245.896708925279
1246.669291145579
1247.671998814104
1248.747757896575
1249.329548585574
1250.590220155640
1251.314783591636
1252.125109897082
1252.933046892559
1253.553625793859
1254.488829764661
1256.330610515604
1256.727067693583
1258.002652860139
1258.566051898280
1259.619873225699
1259.747022076452
1261.425232768127
1262.092421795952
1262.853884494931
1263.925478702064
1264.755567039535
1266.131296160251
1266.571384457562
1268.055506177150
1268.752991087706
1269.263867465603
1270.153474996399
1271.025805219936
1271.833665863369
1272.872042562785
1274.452437296388
1275.095965540845
1275.811529904504
1276.695393817261
1277.494184748283
1278.611002391800
1279.417691001210
1280.172886659926
1281.215855067961
1281.738356472628
1282.911680872551
1284.312801735199
1285.238216320080
1285.895778016729
1286.580297742607
1287.783488231218
1288.150998949959
1288.902555119337
1290.429718062314
1291.043297681110
1292.358318988252
1293.089665655747
1294.017988567100
1294.798428647993
1295.856046441293
1296.648830146764
1297.804832357606
1298.195674562697
1298.831208880855
1300.044764503844
1301.278656239330
1302.401467908705
1303.405663021363
1303.867061038441
1304.782066151202
1305.434939151580
1306.425965605449
1307.479195304760
1308.441554845685
1308.931278828560
1310.691070713814
1310.850535994977
1312.041700426341
1313.301329331081
1313.932888747516
1314.841221768671
1315.329628793018
1316.508070338496
1316.988776775223
1318.016575518638
1319.784640159243
1320.301774840378
1321.229303793344
1321.999495162446
1322.664174282774
1323.845802099088
1324.510139764848
1325.594430700933
1326.373104034594
1327.161373584142
1328.021713644305
1329.453843220746
1330.462949727545
1330.951355109716
1332.218858094563
1332.806832359624
1333.255512663187
1334.511277634699
1335.003168792599
1336.577191832974
1337.379107164070
1338.340988030337
1339.363442713628
1339.948818027085
1340.696345347235
1342.055473643204
1342.847175782664
1343.336140958440
1344.269221746587
1345.093970134932
1346.183485310489
1347.592342821236
1348.362799293442
1349.282941431210
1349.978746974011
1350.528063702789
1351.497620910080
1352.538913804412
1353.345016924475
1354.300050119991
1355.445663624351
1356.424725108052
1356.911234477703
1358.170701416783
1359.268929828704
1359.680050140400
1360.749661941668
1361.434068743399
1362.299922200800
1362.848825602563
1364.407823764615
1365.696258552578
1366.409965437484
1366.843676797719
1367.955781742086
1368.853879504330
1369.290015885950
1370.667736019287
1371.515398076388
1372.169498646235
1373.038006098345
1374.448069235160
1375.028076672998
1376.419501102036
1376.907499901206
1377.869887252568
1378.658057305340
1379.397319810988
1379.845316582016
1381.410707167972
1382.203672632058
1383.522887477060
1384.289708477659
1384.975112232924
1385.727394833998
1386.641259652429
1387.944034083349
1388.408203706856
1389.242846766838
1390.117759618024
1390.965509944219
1392.202686280219
1393.279557367785
1394.386142378796
1394.950029061326
1395.501040874749
1396.603488445274
1397.140834042268
1398.349093217120
1398.957567278368
1400.448744924996
1401.186117269341
1401.995323512146
1402.960080567283
1403.786170815934
1404.825765344141
1405.692264969626
1406.287545498522
1407.218924797653
1408.115895622353
1408.492228287758
1410.495239102364
1411.334907409418
1411.745962270521
1413.153992184534
1413.388965622756
1414.299354922702
1415.170959923756
1416.399965053814
1417.034913122425
1417.983079141626
1418.907231937614
1420.043910228586
1420.871810106586
1421.730301253278
1422.876983044626
1423.488160642775
1424.302032190452
1424.738575884994
1425.945990173166
1426.709116974721
1428.226522844777
1429.011018446471
1430.194226486286
1430.386634747268
1431.297275415900
1432.391526701206
1433.289390371859
1434.157428038272
1434.917280556180
1435.611419304091
1436.931551380269
1437.524911791007
1439.135247800058
1439.737927377363
1440.541512921524
1441.143791371814
1442.177682217780
1442.863929819082
1443.517956235278
1444.866926477995
1445.879142508892
1446.885795943877
1447.720332935963
1448.249163788342
1449.474288355051
1450.317338223861
1450.941473959010
1452.317229819726
1452.623942613912
1453.256592695206
1454.439925338964
1455.838526374926
1456.818101776912
1457.467155240293
1458.487983131193
1458.973445614427
1459.895456946692
1460.538999118698
1461.770864796884
1462.786324362352
1463.254622221342
1464.670452741541
1465.500226215768
1466.174936469312
1467.214186353739
1468.405493343653
1468.895268370844
1469.662401143768
1470.394428913343
1471.340389955351
1472.115833535952
1473.597209571579
1474.791395844969
1475.151762847589
1476.149517440745
1476.789893705850
1477.548153903157
1478.970698975830
1479.301940477632
1480.295648641766
1481.410647324869
1482.008308975785
1483.104566130712
1484.467777054903
1484.955598547032
1486.149605535648
1486.522558549646
1487.525461422297
1488.243852148035
1488.943767498785
1490.006381125932
1491.454022613333
1492.317627481655
1492.790379042885
1494.025430482378
1494.664683387544
1495.295722657082
1496.830887969133
1497.133030723508
1498.138814312667
1498.827623751713
1499.612459977007
1501.185080072815
1501.897318721605
1503.204175974453
1503.414093187675
1504.752096878047
1504.917857385975
1505.872639408503
1506.958220331874
1508.046905710048
1508.597959961240
1510.080326186672
1510.758089730254
1511.439594943617
1512.373943785621
1513.675436050704
1514.154974221886
1514.963313136839
1515.833118801887
1516.508854390471
1517.347091578361
1518.682001109335
1519.905478480404
1520.888993583788
1521.138811681577
1521.949952468585
1523.169914292308
1523.612072537555
1524.678986657106
1525.708185232779
1526.465582026565
1527.299326951484
1528.525977461355
1529.127924342658
1530.603076941714
1530.991337320266
1531.897857456435
1532.822164168869
1533.494600887710
1534.107366689186
1534.993349888752
1536.617699532031
1537.308421222322
1538.316890410492
1539.102958310906
1539.785214267562
1540.535924773342
1541.588025353503
1542.551037413602
1543.549582222972
1543.708723203595
1544.948166206336
1545.989769581935
1547.131986174042
1548.021821059856
1548.896442963119
1549.743225596561
1550.363339182998
1550.811967277741
1552.192404891291
1552.761754228845
1553.870732063447
1555.187232248567
1555.772297640784
1556.876352095478
1557.204798565605
1558.523535959738
1559.353810764887
1560.274344295862
1560.763080750052
1561.643767983096
1562.784184381908
1563.079867880907
1565.239331975793
1565.560610645100
1566.411993274672
1567.297421303988
1568.005730453205
1568.720932446084
1569.651220267907
1570.614261804763
1571.549603183827
1572.497399516548
1573.315897119640
1574.340222460771
1575.239352465327
1576.170687026281
1576.916859812263
1578.001689905469
1578.438512607518
1579.371717424201
1579.818569428425
1581.180170672114
1582.460245685936
1583.299767469279
1584.117208250801
1585.020405528105
1585.407355530158
1586.438566062224
1587.388522412403
1588.481148219479
1589.028618725517
1589.739815121439
1590.952240848839
1591.996900558456
1592.671199064542
1594.092282426130
1594.812372165743
1595.051852302357
1596.180658310309
1597.004143669762
1597.510467296203
1598.785512530712
1599.751767471217
1601.062846225610
1601.709105180558
1602.246494424348
1603.222234166684
1604.231475290402
1605.203210237745
1605.654570511500
1606.818249537069
1607.586305787644
1607.944603281166
1609.474200332995
1610.688381448849
1611.460890447323
1612.204640341579
1612.865815996926
1613.801476102853
1614.542782750534
1615.088180461232
1616.588113620775
1617.130666412420
1618.384236858365
1619.008528777980
1620.223480128557
1620.773009778498
1621.714447122508
1622.828269528367
1623.637355911256
1623.977874723005
1625.061612518079
1625.597893594569
1626.894964438642
1628.230620430789
1628.961279646294
1629.802888983369
1630.544975065386
1631.305003450830
1631.783951321535
1633.363197102719
1633.822125185293
1634.595015972625
1635.678615675127
1636.756664166488
1637.302111080847
1638.662262470712
1639.404102903712
1640.326974140298
1641.051534446026
1641.581566565965
1642.532136979817
1643.412783319743
1644.066383306216
1645.732556927578
1646.640188115826
1647.087194180328
1648.020883922230
1648.861108546734
1649.669876900582
1650.622142866772
1651.467541888703
1652.380525670768
1652.938107432446
1653.825718612472
1655.012239954884
1656.287166220814
1656.975502848665
1657.636283290097
1658.758003933235
1659.123832507006
1660.053079488375
1660.691079738053
1661.930058617875
1663.041984205922
1663.577758564196
1665.106984440330
1665.448532214733
1666.143774011741
1667.453457668692
1668.118286976777
1669.140277939092
1669.672261602185
1670.450210097335
1671.178360653781
1672.464543517432
1673.572175889973
1674.568980392725
1675.505218902074
1675.838089066633
1676.618143732889
1677.590546857828
1678.535772436476
1679.223975032112
1680.439792700752
1680.944015303196
1682.384349831002
1682.835931515528
1683.812377432878
1685.113919242383
1685.695579950689
1686.277770541432
1687.367516840934
1687.917751928008
1688.753603891711
1689.488986474836
1691.321596689387
1691.809854467553
1692.792879797570
1693.358374947995
1694.369838418572
1694.978222741937
1695.896030562944
1697.131244795757
1697.500256398139
1698.622418496983
1699.153585891290
1700.459335612612
1701.563493854667
1702.293024958565
1703.158779797038
1704.048091593394
1704.792031914995
1705.179886819632
1706.140144561159
1707.320741199055
1708.080372961346
1709.459895297476
1710.122346864983
1710.861070411780
1711.972125879655
1712.180791438424
1713.700457673856
1714.496268788111
1714.990574998688
1715.697605170563
1716.905736770995
1717.432324779929
1718.940133683734
1719.933795384098
1720.743828536782
1721.226754085581
1722.059639612022
1722.985001063336
1723.505963780032
1724.870273907479
1725.296576042207
1726.625671507346
1727.629771231500
1728.064441216295
1729.257543751164
1730.049856962456
1731.143628680395
1731.633981848071
1732.534267329186
1733.510391102218
1733.873470927807
1734.705131756111
1736.368770626945
1737.237762758648
1738.037297698081
1738.783119794096
1739.504562645356
1740.340797833803
1741.055061473398
1742.059918414928
1743.221194448795
1743.632884316514
1744.462970964418
1745.790585842957
1746.630392618084
1747.354661313639
1748.645657102572
1749.218824967609
1749.834796466896
1750.706443210884
1751.409442909832
1752.155559271430
1753.485058352122
1754.393387490013
1755.552949512383
1756.197368152884
1757.004601395325
1757.364068742479
1758.972690366439
1759.363172267819
1760.371541738847
1761.069860105352
1761.878764657059
1762.779229423658
1763.814244317823
1765.119779216001
1765.952021884276
1766.414174433284
1767.472728541085
1767.858872101895
1768.976346627299
1769.588854126681
1770.554643027687
1771.809341931841
1772.606375281821
1773.552298067125
1774.139443490150
1775.324564508702
1775.924485613989
1776.937367264575
1777.768943615472
1778.640192468738
1778.971130881266
1779.993542058683
1780.948839308608
1782.651050559925
1783.055646623750
1783.763612436880
1784.995486988309
1785.398360038982
1785.941753491498
1787.107586260656
1788.270255088567
1788.733138638959
1789.634669754070
1790.864524521417
1791.605497814470
1792.402860669191
1793.594165349822
1794.205094179619
1795.255325540453
1795.886328327670
1796.186542668705
1797.544990556618
1798.062828560379
1799.393592632963
1800.714025069627
1801.265202263209
1801.950957697528
1802.738287887649
1803.516982542869
1804.596938810573
1805.381508180930
1806.090334732218
1807.093787994237
1807.700177879858
1808.781007713026
1809.808563501849
1811.015266078010
1811.616582018164
1812.394095060420
1813.001176585234
1814.109105272684
1814.559285476559
1815.293658193532
1816.690143740586
1817.689815649681
1818.402411441957
1819.489027600711
1820.013918862530
1820.912182917271
1821.817827813154
1822.829572638190
1823.433122176089
1824.355610067184
1825.019743436264
1825.546985357396
1827.440159831894
1827.815597603936
1829.081339070814
1829.919741525959
1830.244841388211
1831.232269750479
1831.849876122409
1832.853172269591
1833.986446299383
1834.476087993975
1835.672054341377
1836.618340228888
1837.484974232705
1838.022937761530
1839.290094381865
1840.221587513521
1840.736091123468
1841.358942917347
1842.443390268682
1842.980719456390
1843.899522251421
1845.387997081757
1846.402951624484
1847.015569657182
1847.545754133922
1848.552762987928
1849.293572467383
1850.068914882209
1851.310279157617
1851.679323843064
1852.771297752438
1853.681176048911
1854.365080823211
1855.723563186451
1856.572546827835
1857.221767717782
1858.051246866069
1859.008388138733
1859.526431048950
1860.100880916606
1861.233265018003
1862.256850984719
1863.643059403285
1864.010685117246
1865.108198849167
1865.709731278751
1866.672743096869
1867.211703290579
1868.627526191881
1869.188750834378
1869.796593101778
1870.527986754895
1871.717868510639
1872.625601997472
1873.938075535756
1874.489109773006
1875.476685565085
1876.097574371445
1876.679158390286
1877.527272659090
1878.507227427103
1879.425303359956
1880.246865942213
1881.452228234762
1882.277619304011
1882.994547684547
1883.606760420931
1885.017317889608
1885.666313601200
1886.177518851252
1887.336070457644
1887.758954600861
1888.704254795356
1889.447968433694
1891.310831484573
1891.605044270863
1892.732681076700
1893.214954163926
1894.016091420870
1894.826943022559
1895.874586925914
1896.296354240466
1897.851679251736
1898.158004754972
1899.068197061754
1900.393777859249
1900.945368068556
1902.079374123976
1902.815512089973
1903.781706725044
1904.229116750937
1905.283140995627
1905.667531970953
1906.573861056146
1907.992789230676
1909.022106956169
1909.622263715211
1910.795640879344
1911.280931791853
1911.801372547511
1912.976741274697
1914.031752685727
1914.558960557005
1915.519506416942
1916.007160162273
1917.307717672262
1918.103702996698
1919.266121325971
1920.142410488000
1920.972108309088
1921.454346453622
1922.321336478417
1922.955516785416
1923.975004479226
1924.780587902673
1925.783881138312
1927.144192043527
1927.735219714017
1928.187371431107
1929.436839175348
1930.092695488697
1931.106481384122
1931.884429530936
1932.570491269314
1933.385199569798
1934.116971179495
1934.935467084202
1936.459567204933
1937.522306497873
1937.869992617334
1938.612442245945
1939.748912735972
1940.286470295753
1940.765487374210
1942.111616228408
1943.054363300817
1943.549250088041
1944.903131278728
1945.460049154424
1946.538737635492
1947.370592458835
1948.110377147847
1949.304971301746
1949.701901532244
1950.523069223953
1951.187192758935
1951.951120584999
1953.297419114093
1954.296251264352
1955.281310339478
1956.130388726577
1956.476591989305
1957.471211303840
1958.101049520813
1959.333933754591
1960.100716016499
1960.631162982558
1961.706664334393
1962.495368072283
1963.629046402131
1964.346849361083
1965.562341721572
1966.438077731869
1966.735509292653
1967.605070962185
1968.459417227078
1969.459125436696
1969.664753196805
1971.397422799800
1972.219754946505
1973.161526544570
1973.736643683853
1974.601423878375
1975.327172315559
1976.543843214384
1976.996401680449
1977.958083290662
1978.894327667065
1979.359215312055
1980.156793948829
1981.779043283491
1982.556000213657
1983.247403585627
1984.283259191870
1984.718344487592
1985.693163643294
1986.124945924278
1987.209807277964
1988.169514624480
1989.189656742276
1989.862076095714
1991.015442571140
1991.930958397752
1992.224164193489
1993.582441189220
1994.272303531987
1995.262706538242
1995.838687890909
1996.274295848940
1997.448899789876
1998.205853384171
1999.533553873618
2000.824729033235
2000.961044852402
2002.108812764060
2002.574106758601
2003.366625550577
2004.372209247855
2005.295371973588
2006.065976440179
2006.735081632254
2007.989681395129
2008.723159933653
2009.408551254247
2010.879189502540
2011.448189025690
2011.977852487369
2013.095887233699
2013.716414185641
2014.227929068885
2015.270536539484
2016.107828020848
2017.750086983642
2018.225103880930
2018.972214965339
2019.801621495373
2020.626383344339
2021.399981836903
2022.204497781903
2023.299629134088
2024.074951989662
2024.449452442358
2025.491060827235
2026.617485111177
2027.710893173216
2028.525071676316
2029.274301681442
2030.155172326346
2030.730076080344
2031.504827222393
2032.098273621555
2033.301093940548
2034.212373953556
2035.099526625236
2036.198394946387
2036.908631794349
2037.742284268597
2038.180441111825
2039.684167754200
2040.245046514026
2040.939269212928
2041.604556137711
2042.772597350121
2042.978173548429
2044.537223435268
2045.620514928583
2046.423364074397
2047.236658400464
2047.852297453087
2048.291364988819
2049.671463522110
2050.037285672026
2051.173952508225
2051.925097442313
2053.115580953808
2053.654523900073
2054.689005345032
2055.627307190195
2056.379790961420
2057.574043510313
2057.892161824516
2058.705860100680
2059.795161184362
2060.148327569185
2060.883245663764
2062.640479076537
2063.328885748014
2064.212525523017
2064.845918264787
2065.726174500305
2066.474922542156
2067.019596064203
2068.405068285996
2068.958729152360
2069.835421980636
2070.391372471458
2071.619172913231
2072.519014228399
2073.555908908086
2074.280584432605
2075.248584620308
2075.935460793030
2076.446050534678
2077.331209314283
2077.947639574656
2079.341778778407
2079.835900973060
2081.336151218246
2082.079422233223
2082.498553962003
2083.409597074906
2084.327891557698
2085.224840183418
2086.125328663951
2086.797527074339
2087.360907791275
2088.392057704660
2089.188373170956
2090.270774315999
2091.840715426486
2091.992397032176
2092.754931096234
2093.622582041449
2094.482402761161
2094.999067034317
2095.979542072619
2096.926644779421
2097.917606068017
2098.739420789625
2099.844671422549
2100.213818362000
2101.433988201743
2102.266391423758
2102.927374069252
2103.910301469252
2104.590599431741
2105.319244776296
2105.801255073769
2106.960210508837
2108.499694691628
2109.026880231287
2109.886888470870
2110.768038133310
2111.474157801274
2111.858028806798
2113.031742768894
2113.998358584177
2114.660503456658
2115.688876104791
2116.101169645633
2117.650467437072
2118.134326676323
2119.082673790742
2120.240492651598
2120.840547836622
2121.665318157756
2122.022392370870
2123.037973582514
2123.943922874347
2124.539037967787
2126.227861147799
2126.728587347054
2127.736045676792
2128.541647965781
2128.805804178122
2129.985625367098
2131.202149177171
2131.430324218158
2132.412268592349
2133.396960383490
2133.920171345984
2134.876130892042
2136.224670223535
2137.097703991590
2137.913028649881
2138.351894644365
2139.478947329242
2139.862144224884
2140.821864761071
2141.484861379456
2142.634460912570
2143.675646680713
2144.493758952134
2145.284630861850
2146.161037640530
2146.920250453423
2147.772677046560
2148.665770067476
2149.536699702929
2150.347992518815
2150.654837170445
2151.597438740906
2152.717205325463
2154.013277421553
2154.689402522602
2155.787439094676
2156.075702142431
2156.993831037713
2157.895722888610
2158.185930595985
2159.873089058664
2160.223922741324
2160.922971909000
2162.276425538877
2163.140165300407
2163.569866836123
2164.813843457247
2165.752341175422
2166.416621991810
2167.077819642421
2167.860534856046
2168.611491744654
2169.294583454320
2170.359412299223
2171.574700607288
2172.778047173489
2173.171105846703
2173.702390943827
2174.762204119516
2175.532557863745
2176.336414281027
2177.223347927574
2178.180259028843
2178.632992970358
2179.784765636827
2180.351430068071
2181.922887135819
2182.374039452272
2183.532449172479
2183.969747192142
2184.849482704847
2185.579407747126
2186.325277029305
2186.873069751630
2188.254062886957
2189.217559111841
2190.047838148342
2190.829320835770
2191.884294041653
2192.212054003723
2193.152210531023
2194.349036812673
2195.081712103035
2195.464005883241
2196.609330667268
2196.980824547903
2198.210563520291
2199.591056617798
2200.068063192396
2201.166862410973
2201.912609487875
2202.431848006738
2202.940561856796
2204.183488454684
2204.898506219153
2205.741029997696
2206.681381394527
2207.754958354528
2208.472148068766
2209.291137064967
2210.046418319983
2211.210568156393
2211.995108140009
2212.443634078694
2213.340021295471
2214.117724143753
2214.841226116928
2215.591991547446
2217.235158843379
2218.185732796362
2218.404078346489
2219.418229334155
2220.216680225906
2220.797082986838
2221.838889753415
2222.504931860805
2223.694475165008
2224.190399483481
2224.984910786128
2226.186547293577
2226.886088762283
2228.049506656206
2228.918496514567
2229.212315272489
2230.639705886320
2230.874554128348
2231.534064716771
2232.387971308214
2233.605923435240
2234.539783950705
2235.567168380919
2236.403716551660
2236.996336112560
2237.765301187426
2238.515649133674
2239.582336590091
2240.374532380851
2241.244614226502
2241.689279883737
2242.458049719665
2243.932820757467
2244.316642564364
2245.880024478773
2246.460519801211
2247.111535888629
2247.855571528201
2248.560378751792
2249.329651274292
2250.214272002466
2251.118402800967
2252.015621153337
2253.236669763593
2253.814534988777
2254.684499045261
2255.261300215678
2256.666952252154
2257.008615203988
2258.090078117089
2258.566192365467
2259.571047317213
2260.218329595300
2260.769780857012
2262.570787880573
2263.261511938154
2264.052765181821
2264.666918336066
2265.610238852721
2266.183848511570
2266.890815609897
2267.977480680588
2268.751931826649
2269.706505544937
2270.395091694099
2271.307015427526
2272.398547334690
2273.228082153968
2273.789689687423
2275.102544128734
2275.642324557024
2276.167248454125
2276.967762410874
2277.825401319566
2278.506985189718
2279.982992470917
2280.786301881360
2281.642148346450
2282.518368148743
2282.971560590826
2283.724527714059
2284.674080932323
2285.849172562995
2286.399541962587
2286.826958535409
2288.231019371030
2288.621395677747
2289.868121897759
2290.811741035622
2291.841580163703
2292.443387209162
2293.192693675038
2293.680311387592
2294.893047374182
2295.155736682812
2296.277480740056
2297.267523517111
2298.420055277348
2299.286624160026
2299.749275681428
2300.585071681608
2301.680107200515
2302.308719405450
2303.141224949477
2304.129206325800
2304.676430405290
2305.429686253933
2306.067290229483
2307.427213560918
2308.647917445130
2309.155309057092
2310.198786570509
2310.495131783102
2311.629018338772
2312.242059632256
2312.689210387786
2314.141616742417
2314.958808845377
2315.376604443829
2316.740843064487
2317.583525118605
2318.110518874944
2319.098667808033
2320.234287529788
2320.668718527990
2321.620766949937
2322.350792376149
2322.675560917481
2323.841606938665
2324.780576037298
2326.024664600627
2326.940615163485
2327.558271881443
2328.417812926570
2328.724114681500
2329.830081317394
2330.769782736894
2331.533128867520
2332.245440334132
2333.174236172248
2333.936797879703
2335.004992797215
2335.683369052364
2337.132060679787
2337.409104789650
2338.487913166429
2338.911138714110
2339.834139516901
2340.536728845133
2341.276676713807
2342.122051363067
2343.734665588100
2344.320430080599
2344.798228104264
2346.119866586710
2346.457349197902
2347.241343698057
2348.572313650796
2348.875495178940
2350.048271872180
2350.528060820063
2351.266652363434
2352.222539600598
2353.613326387551
2354.469220650481
2354.905907067252
2356.119475628901
2356.593638742398
2357.306899246073
2357.795881455394
2359.145086809325
2359.713466597455
2360.810858833512
2361.635005206497
2362.698571064338
2363.317951830472
2364.074161801874
2364.906557272596
2366.148572742891
2366.605699743327
2367.271985520724
2368.072225796465
2368.815212091209
2369.668166714954
2370.803447760577
2372.120351809828
2372.687832925918
2373.375196007119
2374.004664405331
2374.814288410090
2375.702159129344
2376.427729513747
2377.425116709229
2378.179188221673
2378.953469844585
2380.142931342609
2380.601004259099
2381.721677772413
2382.822774868317
2383.343457863377
2384.035568080426
2384.929679961905
2385.780379769299
2386.157583920060
2386.927369967313
2388.521762063935
2389.187622316058
2390.332135647282
2390.846461612672
2391.439131670115
2392.648577708763
2392.930585227206
2394.049381809648
2395.086854765059
2395.678996181629
2396.226255235618
2397.151422987356
2398.409566034411
2399.185298455739
2400.142811099880
2401.006424421587
2401.777195694911
2402.188364578001
2403.113942197047
2403.719140822779
2404.683034602843
2405.749452868296
2406.482832541146
2407.704789113377
2408.547862512503
2408.814094166261
2409.904738219448
2410.682684047087
2411.932982711537
2412.255288086284
2412.964975554195
2413.857485826657
2414.823254054618
2415.181380219734
2416.959750403215
2417.639184980143
2418.477127587443
2419.027344002948
2419.850547293465
2420.511392861098
2421.331007111113
2422.267200606793
2422.992363392771
2423.998184401781
2425.085150126692
2425.427047808775
2426.665685280474
2427.449707638852
2428.288699175204
2429.053711581991
2429.957872854698
2430.753037747137
2430.980988549584
2432.275525749796
2432.530661061953
2434.273612227909
2435.207899800327
2435.643763498684
2436.644047449863
2437.496706510675
2437.843324383386
2438.696729818304
2439.988700649861
2440.499845339519
2441.432961816805
2441.883872677844
2443.123681948018
2444.050461080338
2444.773267687577
2445.924097750587
2446.674627803451
2447.255161803826
2448.025237693587
2448.725262237128
2449.326602619940
2450.519153302050
2451.140241985163
2452.564554461012
2453.227041438000
2454.298042192965
2454.439208054475
2455.373664935867
2456.739596959176
2457.043356279778
2457.941871524622
2458.950648521383
2459.398889553303
2460.170748403256
2461.287190837590
2462.352214313263
2463.519259776302
2464.125868269969
2464.408470039218
2465.623676807341
2466.149306200753
2466.992033008517
2467.555792433825
2468.963818912732
2469.543671013472
2470.558451978756
2471.342163103656
2472.409678644674
2472.720643201055
2474.030689751767
2474.644283505645
2475.434516847677
2476.361735353948
2476.866642910314
2477.372828624914
2478.553742234584
2479.818840267781
2480.722046457783
2481.371409864837
2482.362285558208
2482.832309065786
2483.489650912038
2484.321709713221
2485.419872550119
2486.276362150741
2486.704651147747
2487.775746548394
2488.790861663910
2489.479409696279
2490.461767786260
2491.322142716817
2492.287651567986
2492.969367204021
2493.425809517852
2494.183321349292
2495.299165541905
2495.643859421643
2496.827319659742
2498.341993857517
2498.752597617568
2499.495798958696
2500.244167038563
2501.126331920277
2501.749024332353
2502.862536950669
2503.607227577741
2504.145458081068
2505.177311104977
2505.862067356792
2506.606497764998
2508.185977132217
2508.805906907455
2509.355164496520
2510.454925658269
2510.950219188158
2511.668061772060
2512.484662286364
2513.056405273528
2514.467720958638
2515.046579938029
2516.242943716877
2516.863129441757
2517.709725999172
2518.518057632274
2519.188941507300
2520.201999889007
2521.308993029145
2521.436386023347
2522.416009049934
2523.016869000748
2524.013650411383
2525.333973816256
2526.035082625897
2527.185407194399
2527.674267390025
2528.257520994990
2529.038434314150
2529.865125099881
2530.692928957736
2531.680664113551
2532.411636901923
2533.135236495209
2534.475673358274
2535.006603398620
2535.590358697695
2537.054533541495
2537.548923160568
2538.440239890940
2538.807292313653
2539.948596492573
2540.603178599740
2540.965079607946
2542.412144726305
2543.613032351065
2544.343100373586
2545.031365398400
2545.670022605709
2546.411170814744
2547.434925872406
2547.981405806788
2548.993374750983
2549.809950220472
2550.767646260528
2550.937712462652
2552.412878895202
2553.256700460853
2554.209864272823
2555.048241916951
2555.590092899789
2556.554365662515
2557.353040813298
2557.462247625640
2558.708585969125
2559.533429602566
2560.772037778444
2561.479204254586
2562.420939395947
2563.138712072562
2563.958348100939
2564.361296612067
2565.671499792089
2566.589264609279
2566.924263124029
2567.785114977410
2568.495313633834
2569.489594071754
2570.400388780863
2571.714371933706
2572.367287010404
2573.015837917757
2573.841333653513
2574.546324779290
2574.934655531445
2576.190961565281
2577.068477838169
2577.447151440425
2579.064508938966
2579.457675505714
2580.420012375746
2581.116558190990
2582.117296982692
2583.038416276064
2583.602672077777
2584.528913800018
2585.093901313156
2585.908470359615
2586.575339777524
2587.439471240336
2589.194298447811
2589.548398008462
2590.345720779130
2591.067493165447
2591.930735168773
2592.587594776290
2593.204383171107
2594.403059226773
2595.118165502151
2595.940359823212
2596.527614001974
2597.687202470874
2598.611751753892
2599.348115661054
2600.310133352177
2601.165421292177
2601.696922136016
2602.575026067643
2603.138368089047
2603.772264462591
2604.828147222642
2606.072090447773
2606.677558716179
2608.084550014613
2608.285783574063
2609.155575139645
2609.686080489791
2610.993932160706
2611.549640744186
2612.497238929396
2613.098001110557
2613.806135959691
2614.743951197189
2615.698222633672
2616.763436617562
2617.625587812643
2618.711329943746
2618.983570863992
2619.459156947537
2620.828419185646
2621.156640526348
2621.945034610886
2623.120078689010
2623.994528414175
2624.979817153864
2625.773767789704
2626.293320791315
2627.294621729627
2628.210344059303
2628.893001699499
2629.774098504602
2630.423065201992
2631.225426745096
2631.873803044813
2632.518727937829
2634.225503171116
2634.923730435754
2635.593057455875
2636.389482903680
2637.278153698143
2637.683263513941
2638.527951041505
2639.336978027192
2640.671249176027
2640.905067025038
2641.860614795694
2643.135754332409
2643.477445528041
2644.869901565835
2645.158447302642
2646.358969169781
2647.172078498634
2647.796155631490
2648.236289665386
2649.082567849942
2650.103992684066
2650.783832674680
2652.249043680941
2653.006328023942
2653.707153662054
2654.281376606081
2655.256462130324
2655.630363747485
2656.936994997493
2657.691393135817
2658.226156340352
2659.074602204326
2660.023999760073
2660.825459129393
2661.666560535566
2663.080028130973
2663.514090677118
2664.217807481215
2665.056101293177
2665.725951501814
2666.440613787386
2667.173403678060
2668.005614830802
2669.201536913205
2670.231725052343
2670.878877123801
2671.524815451948
2672.654602350758
2672.931590542416
2674.306475861285
2674.669333799989
2675.745273371585
2676.483096712305
2677.026946235589
2677.594032447516
2679.164154178722
2679.916368216980
2681.006744072055
2681.462695378702
2682.401271667593
2682.999761023968
2683.603837642288
2684.442144458491
2685.397939914160
2686.338203787046
2687.095018659916
2687.851719625436
2689.178053093666
2689.668431586926
2690.135389514278
2691.556832796057
2692.408937930896
2692.641774947965
2693.627597369632
2694.351082878987
2694.989066423401
2695.838447135050
2697.131050028189
2698.103971578595
2699.059334839818
2699.423816521508
2700.177287616851
2700.934169201270
2701.776397306703
2702.872667943541
2703.193421819432
2704.385042646420
2705.025318639965
2705.883311211726
2706.808408344502
2707.724646458225
2708.838231870641
2709.340421058726
2710.077811342121
2711.007807500443
2711.457981825408
2712.397929688632
2712.845270190185
2714.068657031410
2715.296955638193
2716.079772845630
2716.608014575551
2717.576446338827
2718.279713972196
2718.988843989032
2719.730817036830
2721.056704382394
2721.523590393077
2721.865429934161
2723.074190326090
2723.698748880364
2725.003366109065
2725.918911617718
2726.639301960978
2727.388087110365
2728.277191022094
2728.731406461124
2729.339421697462
2730.290337870964
2731.479599597691
2731.862731488670
2733.026276337791
2734.353265693145
2734.434715486597
2735.335476444660
2736.381147310802
2737.098198564451
2738.142718014039
2738.669884910010
2739.251093013162
2740.126896550356
2740.995254301967
2741.577602141620
2743.237487536763
2743.889081887406
2744.643713583714
2745.454438882661
2745.690777572497
2747.029403203257
2747.415645529230
2748.308554688897
2749.425761624014
2749.964451049955
2750.983219149087
2751.699346619546
2752.726262126383
2753.471835311868
2754.509840436457
2755.126231383959
2755.914905232962
2756.625076936307
2757.381066679116
2758.060389907981
2758.542850316600
2760.206464276950
2760.999220307553
2761.643003418193
2762.809632938878
2763.176001806875
2763.825029693812
2764.737898992438
2765.735077727662
2766.423954374675
2767.372208405996
2767.814469206575
2768.609291605947
2769.864811334673
2770.675181545448
2771.482415300332
2772.581818255047
2773.239692991113
2773.667654148381
2774.440330015467
2775.281610089307
2775.993469585711
2776.956543141619
2777.817096700838
2779.153033635917
2779.515519964673
2780.708503209465
2780.844159780878
2781.965705397190
2783.045422382080
2783.671885088685
2784.194673820371
2785.349012022813
2785.666458102000
2786.619343965184
2787.511415960261
2788.987555868517
2789.860092012376
2789.948851147271
2791.019534758508
2791.818600194360
2792.481225390900
2792.979433340093
2794.263385921938
2794.845334613255
2795.879196164144
2796.701198135340
2797.494274268535
2798.345991271166
2799.282205748095
2799.978946657528
2800.794657833740
2801.728882173900
2802.333629329588
2802.970593830026
2803.451573770819
2804.686141524629
2805.615282599741
2806.942970426414
2807.416078518647
2808.091363871025
2809.091840698190
2809.588358357211
2810.114579398693
2811.534440215318
2812.058743025653
2812.958734755534
2813.361098648663
2814.676117930140
2815.413791345725
2816.207344803114
2817.285014445679
2818.236549842228
2818.641733004944
2819.453257933226
2820.090093305355
2820.900959716017
2821.645248320412
2822.462364517716
2823.694589898265
2824.701007489736
2825.344777846103
2826.067490453591
2826.596028346959
2827.726085552992
2828.388547377926
2829.514762525685
2829.653503545139
2831.053474647331
2831.380212210182
2832.045894461254
2833.416075089180
2834.597832456173
2834.995297504064
2836.052840180579
2836.578497369719
2837.263684996006
2838.076210580720
2838.841944398683
2839.391334284479
2840.903574017344
2841.330641329438
2842.246707759263
2843.362641936246
2843.905732857822
2844.690134141343
2845.491048806358
2846.677239565986
2847.054800134947
2848.034517836012
2848.313471902833
2849.483378013958
2849.886111789294
2851.687137396165
2852.003259248813
2853.216447935620
2853.945965564306
2854.298975111705
2855.116317592629
2855.885690285097
2856.897997820201
2857.698894720267
2858.375642162684
2859.139795090744
2860.382210746474
2860.883631584813
2861.730086966311
2862.944309216578
2863.542490850878
2864.305222955973
2865.070796719538
2865.582344167534
2866.475466288617
2867.209603970363
2867.902704312423
2869.366512797905
2870.341078451467
2870.826059778664
2871.464717732600
2872.316626361734
2873.371620132423
2873.601092149933
2874.836284316970
2875.737163958788
2876.137996619979
2876.988132318266
2877.864987161530
2878.804234012138
2880.045658356211
2880.709481317274
2881.322632049581
2882.151907632361
2883.033424233241
2883.601748639618
2883.906043621850
2885.279058150523
2886.096889687933
2886.941185018497
2888.068717665430
2888.609439675388
2889.745947657641
2889.864125307452
2891.056018216737
2892.000816225325
2892.672463710530
2893.531727152970
2893.840344807993
2894.819528197995
2895.658313330511
2896.807459015648
2897.765987433506
2898.854620464834
2899.102314185855
2899.979915356089
2900.583773936497
2901.331129131013
2902.387360256120
2902.998136437199
2903.862164225372
2904.900204600938
2905.612096905099
2906.522113499518
2907.310747453305
2908.006341563525
2909.357508071225
2909.738437414456
2910.189964167476
2911.376702525468
2911.998814727954
2912.435071484348
2913.370326595046
2914.945786940523
2915.713239447353
2916.155769072902
2917.158952253484
2917.904475402148
2918.282500259684
2919.406926550924
2920.111550479379
2921.053102192147
2921.746460696347
2922.633504574580
2923.027107144592
2924.610311859925
2925.097352108806
2926.082323270745
2926.911912311553
2927.693477300031
2928.275345289118
2928.935964991758
2929.628037484127
2930.447699130782
2931.555982236831
2932.379631588305
2933.533691824006
2934.117325153699
2934.918892127214
2935.563847334481
2936.218962519888
2937.489856810098
2938.034389671929
2938.882034066382
2939.344328155040
2940.225057033760
2941.218282750857
2941.920173114684
2943.353682361529
2944.026682458160
2944.657813910250
2945.340953360606
2945.996811483659
2946.949266315792
2947.379859789015
2948.478372023922
2949.321910596598
2950.088422095783
2951.459737513901
2951.713593654841
2952.457136687447
2953.690917641050
2954.394435265674
2954.932368340911
2956.045336414464
2956.629446928198
2957.198911414752
2958.017862171471
2958.663418556814
2960.138523659528
2961.126602956594
2961.695500782921
2962.375656493558
2963.282023957302
2963.812532814063
2964.628404230039
2965.281457453148
2966.576959718292
2967.190030684450
2967.611412413138
2968.787843042035
2969.847761354720
2970.308562807030
2971.544271119426
2972.040042429702
2973.234684344862
2973.678612422157
2974.077821296644
2975.174016791521
2975.715374135338
2976.644048450483
2977.906723236558
2978.658665600768
2979.699694557667
2980.233742479052
2980.831445585385
2981.510802621008
2982.688116810566
2983.478277740355
2983.982966309019
2984.822426423039
2985.764337495332
2986.267507934160
2987.328575371864
2988.526732578625
2989.225345609143
2990.207166931928
2990.575843898439
2991.408670430268
2992.020791327673
2993.047159896416
2993.477018322787
2994.425004113701
2995.886614496738
2996.206376026240
2997.233575715253
2997.987514812892
2998.759369097639
2999.478725177324
3000.444839682196
3001.237469016814
3001.868745205181
3002.649488876402
3003.429877050379
3003.752657048870
3005.326849343545
3006.306007157801
3007.077994875879
3007.650970063683
3008.641948594274
3009.132749943104
3009.812282377692
3010.479336402608
3011.852575293513
3012.260367012273
3013.084477721475
3014.066841045361
3015.001439804875
3015.848220537733
3016.284854775725
3017.666697237521
3018.196618731361
3018.902559780702
3019.771155645129
3020.198891589282
3020.938616132139
3022.027190770631
3022.727596110555
3024.154989712317
3024.937786883753
3025.592496140680
3025.819846203223
3027.247413877624
3027.420819931518
3028.615176546767
3029.412891832671
3030.049716562586
3030.917558373314
3031.607081803127
3032.637376593786
3033.370875332545
3034.630528211973
3035.395915116539
3035.766784639616
3036.602443517977
3037.581326806100
3038.134470037960
3038.486252607668
3039.762610480019
3040.660812834216
3041.862103514187
3042.306651981765
3043.263556185589
3043.959115883964
3044.662034138109
3045.478968446507
3046.411590741913
3047.209073781060
3047.907907656189
3048.466891156842
3049.187296595600
3050.219038980434
3051.623093625133
3051.980405791227
3053.103410996125
3053.794709366278
3054.429529230115
3054.890740893182
3055.796109068053
3056.681891943043
3057.541881041008
3058.322113786050
3059.221718158243
3060.226214625216
3060.928423064799
3061.668328662401
3062.338996131834
3063.648854318420
3064.123676443531
3064.883359441839
3065.283683220132
3066.502290152674
3066.955425564022
3067.643561345242
3069.449478371489
3069.851104698573
3070.681927273912
3071.620984830114
3071.831795888322
3072.796249950464
3073.741189042454
3074.368407785029
3075.247342303279
3076.205547725441
3076.707502802346
3077.816876935121
3078.388937360524
3079.761924331078
3080.244825397895
3081.085456200317
3081.957449184994
3082.535292351731
3083.256675968394
3083.967810949554
3084.523218766466
3085.715421434539
3086.953300927760
3087.454234300355
3088.553516962916
3089.011808703721
3089.825194164889
3090.544184735739
3091.323532898968
3092.376275484672
3093.169289327659
3093.645744725830
3094.180313113452
3095.488648177385
3096.215930922438
3097.236195431828
3098.314115103297
3098.809671588911
3099.500557140929
3100.419233258323
3100.671282380455
3101.752645073407
3102.415216196443
3103.768414671254
3103.884764533831
3105.566376953921
3106.078372803558
3106.560436144802
3107.477014030314
3108.503645049342
3109.349314938361
3109.790706473281
3110.757283825781
3111.435821843456
3112.034485691324
3112.811906049766
3113.900135819132
3115.265234168894
3115.834981129050
3116.534019221531
3117.021485533666
3118.121432389791
3118.586151189295
3119.314948288740
3120.365524727293
3121.076525908118
3122.144149301318
3122.542323531926
3123.670460195013
3124.566061248429
3125.263108408147
3126.156071271882
3126.989422177523
3127.711411690461
3128.356963958495
3129.040312553219
3129.710177305602
3130.417343735858
3131.783414984877
3132.681612217254
3133.520136941630
3134.092494738976
3135.209357971751
3135.450186801800
3136.057259785395
3137.553029209124
3138.091950435613
3138.561871557932
3139.640820314267
3140.243220850959
3141.173027063937
3142.332593060491
3142.878234931139
3144.161245500176
3144.579982378111
3145.346007026280
3145.919125332556
3146.614253837881
3147.654273154837
3148.155692058236
3149.157920822958
3150.497311048538
3151.063104143904
3151.750465889867
3152.572654329043
3153.234637256075
3154.198527403009
3155.039219305252
3155.709844408264
3156.386212790364
3157.284993451825
3157.853008445008
3158.534273707156
3160.015815334501
3160.909826557812
3161.615678192254
3162.141126390418
3162.984178471205
3163.817577758364
3164.315431652572
3164.977199305978
3166.175167215639
3167.024489118317
3167.582956945670
3168.643986434480
3169.647214139530
3170.030798513819
3171.078169321144
3171.966428354104
3172.542975976982
3173.700732824920
3173.971422192951
3174.698162095774
3175.363721287637
3176.434502530127
3177.499887545811
3178.457806546342
3179.323116245768
3180.085288517176
3180.397781109637
3181.215761907775
3182.269739016840
3182.719059719295
3184.125673790980
3184.334478907806
3185.094087757871
3186.286654022479
3187.113964370279
3187.641620875653
3188.962702569608
3189.708181139128
3190.301795145780
3190.895972033056
3191.846739674827
3192.278541128328
3193.412409203671
3193.631337608807
3195.225099473444
3196.099032185511
3196.825039693413
3197.536160776884
3198.143495274995
3199.016901227403
3199.879293767293
3200.564437973991
3201.481916786464
3202.193985920037
3202.840132498734
3203.556672369597
3204.401093557492
3205.850435559102
3206.591217681657
3206.949470598046
3208.212427593315
3208.695303460659
3209.138120176083
3210.123031541859
3210.683433276830
3211.859042766906
3212.527294197934
3213.669791755728
3214.176880020471
3215.314284694333
3215.969730200713
3216.424327838022
3217.561952340139
3218.587178055810
3219.030512832344
3219.573316846237
3220.424284953843
3221.253807789674
3221.935366535904
3223.287233040262
3224.301013522277
3224.745035483961
3225.758715844251
3226.132217834680
3226.877331405033
3227.638175652882
3228.806882306238
3229.229840016629
3230.126590817253
3231.031866609002
3231.957013866324
3232.597074030546
3233.490033252330
3234.499888907670
3235.262545424818
3236.154227449930
3236.284629767243
3237.682697641924
3237.929234448679
3238.604023825322
3239.621605338921
3240.821195920978
3241.884025965034
3242.510310895343
3242.891681209467
3244.056794450238
3244.520558934071
3245.367262002059
3246.168754987673
3247.168851816928
3247.821636065104
3248.470403676138
3249.030647038829
3250.558918354617
3250.975181369332
3252.201583995318
3252.866049360027
3253.579886915200
3254.165335330579
3255.260150216166
3255.359865258699
3256.218820991138
3257.665766625205
3258.008409045204
3259.162570045458
3260.228603244708
3260.727630364196
3261.346541718186
3262.161916745128
3263.147368804593
3264.166499456607
3264.415482074277
3265.336132122815
3266.092581802738
3266.647568729744
3267.759423924712
3268.738109362448
3269.913617243044
3270.502531567529
3271.074095139097
3271.771640538146
3272.510299711108
3273.259636387600
3274.155676300397
3274.806424523493
3275.823100842864
3276.643766663263
3277.586868953872
3278.123254188410
3279.126175955945
3279.998093049533
3280.680760778761
3281.640837690312
3282.111460663346
3283.006842271343
3283.499187066272
3284.509121692800
3284.813814140725
3286.835193941507
3287.095592894978
3287.888986001539
3288.832296364944
3289.421444852195
3290.205241912485
3290.602437182540
3291.924733830756
3292.604470376729
3293.270404697165
3294.024562021647
3294.828377848318
3295.893903464247
3296.662357398096
3297.737991740491
3298.127601153732
3299.367180282278
3299.929061221561
3300.165691026266
3301.073602380657
3302.120644666746
3302.598448753069
3303.862925493048
3304.772883937596
3305.659609374019
3306.343980029981
3306.829523615714
3307.618999399988
3308.707200200393
3309.368292331419
3310.185597988122
3310.864722420724
3311.402274210787
3312.551277884060
3313.000920464749
3314.330171383497
3315.382390065920
3315.955827951454
3316.681765274089
3317.124943991376
3318.208040638104
3318.719882466543
3319.422164941607
3320.327270637964
3321.471897068829
3322.045756110445
3323.066807688101
3323.958648010645
3324.289022344315
3325.462512261696
3326.340988385233
3326.756521989393
3327.805700817775
3328.515809947685
3329.193139194368
3329.449011518350
3330.700871599337
3332.018276217994
3332.633868473240
3333.592148159020
3334.273696570122
3334.760927039030
3335.715079502934
3336.146981804027
3337.133137198352
3338.137675649788
3338.927748794900
3339.263927980520
3340.472988044816
3341.401326949028
3342.129982681983
3342.751983896791
3344.179922354293
3344.429783965263
3345.220466649390
3345.909152850548
3346.593802750608
3347.330661071493
3348.183575350054
3349.139547942326
3350.476611755917
3351.048989703608
3351.606083735890
3352.522774361051
3352.985964595443
3353.929344078059
3354.962130487926
3355.528616898407
3356.157658213185
3357.123651946957
3357.930579182140
3358.377096770176
3359.815879455793
3360.671269861593
3361.415088943293
3361.989435688056
3362.816239467126
3363.511096593527
3364.149606702100
3364.782906341571
3365.795257875084
3366.608518401036
3367.845171139315
3368.465624657379
3369.004000311780
3370.177539304570
3370.821246499162
3371.186653817463
3372.723500248127
3372.969539411726
3373.901019311731
3374.461218501937
3375.133395446640
3376.020441404357
3377.217152492151
3378.343587879984
3378.689293928563
3379.843408406845
3380.186296097471
3381.130237142218
3381.421161378071
3382.511604462847
3383.473214029408
3384.227634177814
3384.727839054911
3386.060627720345
3386.656554372898
3387.545735844549
3388.041912625109
3389.516564056075
3389.753650867468
3390.750680062253
3391.179671808874
3392.033316654773
3392.876581262531
3393.259126900650
3394.595463421822
3395.653541666721
3396.710091958709
3396.931907822496
3397.779253589851
3398.367980925797
3399.418710051038
3400.092731540760
3400.712009626111
3401.850502391331
3402.605607822201
3402.822346775955
3404.226619731280
3404.836174211781
3405.991057599862
3406.803623731533
3407.358846080917
3408.156258669473
3408.862575327260
3409.572589573649
3410.250054562693
3410.742927614430
3412.196772424987
3413.017631134068
3413.686675565010
3414.795931596419
3415.357274993164
3415.828978778482
3416.873601833808
3417.580434545467
3418.603728347884
3419.209387025125
3419.838494594386
3420.435823334450
3421.414686862949
3422.423020038963
3423.429611739704
3424.322564280247
3424.891605852778
3425.854608358483
3426.279314091788
3426.758739825491
3427.868872246503
3428.650219283215
3429.372265231380
3430.274043576245
3431.265804879846
3432.212938924267
3432.588588986577
3433.506025033928
3434.462923592261
3435.232718388583
3435.991037102721
3436.838307140187
3437.009518224070
3438.296258117826
3438.710651789500
3439.479988809576
3441.205743429830
3441.787565648725
3442.268947402280
3443.076215673011
3443.955263554442
3444.507677177429
3445.136642662275
3446.240405884589
3446.971032192550
3447.665409511450
3448.613402169670
3449.214865992530
3450.229927343706
3451.196867719011
3451.911618699053
3452.708497605572
3453.431029817605
3454.354940651140
3454.735823736856
3455.419315788765
3456.158273289821
3457.202735946217
3458.235816816678
3459.193974418811
3459.853693980026
3460.800416229807
3461.119953558921
3462.056038865411
3462.672563706800
3463.938648607198
3464.467099074240
3464.977500376324
3466.046882209640
3466.397956038916
3467.830249100574
3468.377913010679
3469.462869028042
3470.616915036725
3470.787996362179
3471.399331282605
3472.315064728854
3473.219187322756
3473.470254760817
3474.748509921841
3475.413299925960
3476.533634467475
3477.419935391431
3477.975741515378
3478.738062221478
3479.409504820576
3480.662832056371
3481.166410592399
3481.680157391961
3482.810826904826
3483.372429207540
3483.912469018375
3484.651664522136
3486.279428651719
3486.791844064868
3487.934292180735
3488.219916622557
3489.002137469200
3489.857492944848
3490.530993567840
3491.028907724722
3492.252996342354
3492.974384461074
3493.748772737758
3494.447892552036
3495.540474310710
3496.270339742707
3497.023080358190
3497.822978773848
3498.800214813890
3499.461063578104
3499.987345775639
3500.778772410721
3501.287729966654
3502.298320975559
3503.216184229102
3504.513049260690
3505.038654829233
3505.856137727943
3506.735256357427
3506.969228792902
3507.881845280988
3508.832928382465
3509.866457837242
3510.239146258184
3510.927310325924
3511.946408604064
3512.917735717063
3513.313068325941
3514.838040287375
3515.313206106252
3516.187882845767
3516.790003750949
3517.596897434709
3518.015147481908
3518.965074964554
3519.764526983143
3520.368894682145
3521.812480778341
3522.546651053631
3523.256395942429
3523.749489367089
3524.855674459646
3525.358167765516
3526.369339203560
3526.955075082274
3528.095001011092
3528.361606506142
3529.161535229463
3529.941312242927
3530.854023814563
3532.364388106390
3532.731344353381
3533.455722525384
3534.339884510071
3535.177034418803
3535.355065585325
3536.408784001484
3537.024321841712
3538.192740014097
3538.992505890813
3539.455017684059
3540.762715940712
3541.506457665691
3541.925436673256
3542.912601390787
3543.861104298887
3544.710574921861
3545.072395461981
3546.055029577837
3546.468956743525
3547.293289418940
3548.209440515456
3549.423177158174
3550.203469202185
3551.238191652767
3551.643221666989
3552.327458608113
3552.840385008572
3554.043280538722
3554.620306978116
3555.411981752029
3556.283272628543
3557.023574765179
3557.719899730683
3558.935401005980
3559.308477894934
3560.505816908711
3561.472874660260
3561.866408565319
3562.545881739236
3563.358272004409
3564.173637649512
3564.711982773527
3565.297284357940
3566.804435163634
3567.555620440314
3568.627011447797
3568.793208822471
3569.842576520799
3570.662199318447
3571.046286386753
3572.259011075856
3572.880201632311
3573.695885892235
3574.409906428051
3574.917549918978
3575.844557502784
3577.119052357944
3577.859454765074
3578.664324406040
3579.414490334379
3580.083713638281
3580.881464556641
3581.353505973069
3581.917246876854
3583.347475609845
3583.718534566313
3584.701817192897
3585.886534070269
3586.390575151108
3587.165214713192
3587.983993577193
3588.604421806870
3589.682172024206
3590.549369493710
3591.002788515507
3591.429475239823
3592.679478153545
3593.023969532448
3594.108276494922
3595.294728874894
3596.466199458049
3596.619277462934
3597.267515912121
3598.380766012451
3598.690777603733
3599.580500556183
3600.502723014491
3601.375232670179
3601.820158002397
3603.157897507958
3603.590560341704
3604.485516789389
3605.380965961670
3606.341275337440
3607.001483316343
3607.676063176270
3608.451628423535
3609.216019330233
3609.783733532936
3610.378766210045
3611.315125460185
3612.818057004514
3613.283303289914
3614.194800542373
3614.892467095155
3615.524330136097
3616.276701798166
3616.968542726165
3617.880290286728
3618.784559805518
3619.482942409709
3620.037952278755
3620.732952637359
3621.985025220842
3622.820064372284
3623.457934161161
3624.638928205240
3625.124152803059
3625.875025821071
3626.356507855357
3627.172428167708
3627.958400679113
3628.659314349048
3629.832856428256
3630.561516561424
3631.528591564867
3632.436420606037
3632.985881699393
3633.242868793049
3634.751404707510
3635.400467686398
3635.894029824040
3636.887712428692
3637.339186675090
3638.322275322838
3638.806242395525
3640.002478730540
3641.316806755017
3641.705067011866
3642.518182506200
3643.345175588308
3643.598736548774
3644.702318481949
3645.368917976464
3645.979207783349
3647.109361959156
3647.841329824340
3648.756136612059
3649.423831348629
3650.372709704823
3650.995509213217
3652.137083528947
3652.503753983060
3653.484502402310
3654.352423201895
3654.738417869337
3655.365279831042
3656.262941229861
3657.101208763753
3658.679082725028
3658.977358967646
3659.845433846591
3660.593132500048
3661.393545122171
3661.855493032366
3662.514774011651
3663.790337609041
3664.426046951309
3665.117031823266
3665.594445666860
3667.003851480812
3667.454515109541
3668.395102337371
3669.486658132434
3669.990356209662
3670.985253175585
3671.500443900926
3672.068630588327
3672.839907958311
3673.554989585159
3674.621054234513
3675.189171320593
3676.824114897688
3677.103654840581
3677.845520024038
3678.570954937667
3679.286319317218
3680.203876266452
3680.993495208046
3681.798277882228
3682.306787665266
3683.267059369632
3683.850934817033
3684.609198564178
3685.821535805611
3686.813371265198
3687.569064178139
3688.093641097621
3688.775998135282
3689.584305193123
3690.367321511916
3690.792028735807
3691.696067419536
3692.888196294237
3693.492448718277
3694.470517420334
3695.154315588819
3696.055708275349
3696.731301404378
3697.360096345154
3698.534088253124
3699.159847530844
3699.596114558590
3700.741252724805
3701.076740381562
3701.596890131941
3703.205857914019
3703.956771095526
3704.731491924758
3705.711956996066
3706.271606040492
3706.707694832627
3707.563715681138
3708.261521935101
3709.383095669964
3709.897856392620
3710.779066013414
3711.487273050656
3712.473620532580
3713.407030659759
3713.882827352854
3714.888326564417
3715.967718353643
3716.467560897809
3716.969749907650
3717.713131211850
3718.706296079793
3719.092371655566
3719.945913692064
3721.214463602339
3722.308695264327
3722.763553505617
3723.614298680134
3723.970207121901
3725.226288664025
3725.459778575065
3726.736011810244
3727.193463884781
3728.153684078865
3728.737042499480
3729.541773494260
3730.321996854572
3731.401562913213
3732.527636536685
3733.031256384175
3733.558723625482
3734.616924592872
3735.319518667651
3735.588195731489
3736.461921029055
3737.381302336569
3738.373213936007
3739.192843453189
3740.165977939328
3740.805872200485
3741.555669851194
3742.276023692880
3743.076868612212
3743.790626077811
3744.899846875737
3745.520493605530
3745.832637006475
3746.591905969892
3747.745870155260
3748.380667732572
3749.745162372529
3750.389434409556
3751.112703752154
3751.876526170873
3752.333032927212
3753.188579410502
3753.699890505442
3755.064186032049
3755.301058968766
3756.388184854559
3757.134564899773
3758.253907587354
3758.874363483618
3759.291633580596
3760.691046261365
3761.267716532678
3761.974483434451
3762.618450900784
3763.464997555103
3763.941240354516
3765.038197406928
3765.203213379066
3766.995722861902
3767.744412287796
3768.317458975693
3769.101317216297
3769.824973168151
3770.306574580531
3771.382645707074
3771.991681701671
3772.746291081442
3773.897718223249
3774.240466153579
3775.009101287666
3775.968613802574
3777.257121475139
3777.499745606555
3778.663377920845
3779.404559772166
3779.903123705368
3780.812687715226
3781.219317626908
3782.069165854465
3782.727516803449
3783.945854240564
3784.946590613433
3785.418628094873
3786.619028757577
3787.098710830949
3787.665552295612
3788.391383865924
3789.605590150964
3790.245994741473
3790.811653718532
3791.544840235100
3792.318725192001
3793.019532786528
3794.125882539700
3795.060351671284
3795.956900991817
3796.712360466365
3797.424628907612
3797.678694968364
3798.773556790406
3799.287685884298
3800.182593238206
3801.132635807774
3801.669536066150
3802.982657946395
3803.813835427998
3803.970487102543
3805.191923340951
3805.864838673396
3806.810662654399
3807.483179759825
3808.091700773546
3809.057725540540
3809.438455758460
3810.269256482361
3810.951281422650
3812.346075366699
3813.316730629905
3814.098311505219
3814.203507969577
3815.326407252304
3816.183625263092
3816.524390542531
3817.251636869454
3818.644859326192
3819.087564828567
3819.632680127513
3820.770006430590
3821.511852704217
3822.360813617733
3823.291261833866
3823.920947665267
3824.895077202287
3825.449049706857
3826.289079566266
3826.738556430989
3827.369354409895
3828.306873042928
3829.386332870948
3830.150942967016
3831.445522462809
3831.751005536409
3832.519076832172
3833.272654962283
3833.791972807550
3834.893151748110
3835.788194561464
3836.210234869478
3837.080320103224
3837.703523654451
3838.650989369100
3839.473880798819
3840.428200875559
3841.535127083790
3841.981978069362
3842.994297873580
3843.159507358391
3844.021469025844
3845.106965882246
3845.357286263576
3846.300174436402
3847.438071328898
3848.429732760274
3848.893561350876
3849.903495525742
3850.469873051896
3851.178061433147
3852.258373611564
3852.852714544968
3853.593651281175
3854.330911647159
3855.134359794741
3855.651260423132
3856.257853842563
3857.896128586050
3858.616742554572
3859.219576914778
3859.992941974635
3860.966543043140
3861.278983195251
3861.852026454170
3863.016350605779
3863.543255768350
3864.622174481598
3865.422872800033
3865.825222078076
3867.271447779031
3867.674353984332
3868.489301344059
3869.341079011595
3870.320628581768
3870.895835203599
3871.709370024141
3872.046182162791
3872.874659954525
3873.795106998196
3874.456403379217
3875.791158333868
3876.645105733445
3877.303243964027
3877.967331323597
3878.592286779083
3879.212905320802
3880.258926829254
3880.901816052989
3882.008708573297
3882.163818349704
3883.270345878951
3883.996920033861
3885.036184667367
3885.488964728954
3887.139321992757
3887.361146776468
3887.886692150511
3888.977754116986
3889.497039483927
3890.225280921765
3890.767723515683
3891.720565747785
3892.684399615211
3893.790674776997
3894.524725661095
3895.134927964571
3895.774245317701
3896.743433361840
3897.435592887458
3898.024970394537
3899.191664052791
3899.715141177216
3900.465763703183
3900.869228481790
3901.870800484232
3902.988742123756
3903.967084523963
3904.640737024825
3905.532884678657
3905.962499005888
3906.838501092554
3907.519906810222
3907.863959501234
3909.040945298803
3910.105898056723
3910.360946466946
3911.577513867150
3912.419463198031
3913.194531010451
3913.774857271639
3914.516763599470
3915.668308235916
3916.399868267890
3916.804983877403
3917.497436064989
3918.397531184516
3919.034716353236
3919.667147702991
3921.144592758270
3921.865270134543
3922.763287763669
3923.380832270903
3923.825130520360
3924.611970434825
3925.493448411193
3926.190860986411
3927.234642956849
3927.491500589177
3928.823836185337
3929.317527479981
3930.040170394991
3931.224900522499
3931.894979736611
3932.723934188972
3933.574806106467
3934.233507767874
3934.627181563620
3935.731868481503
3936.275151487929
3936.649079237702
3937.989669167598
3939.279407209348
3939.598841464522
3940.519911161689
3941.250758074591
3942.099002993149
3942.392883029847
3943.462742606832
3944.355362033758
3945.144435086401
3945.646170625363
3946.346239324541
3947.163989683219
3948.160303644133
3949.262936747724
3949.816474076283
3950.819267940014
3951.516303091492
3951.939817094250
3952.926446703771
3953.161689166417
3954.201276632315
3955.220544172183
3955.785439870666
3956.788702384620
3957.934315251181
3958.407885203665
3958.947385153769
3959.829321814069
3960.885740283429
3961.438929285104
3962.349006487892
3962.788279624618
3963.870128382147
3963.953004359294
3965.316317765168
3965.830276413572
3967.528603127368
3967.861362902620
3968.624509820908
3969.114890120254
3970.056229989219
3970.655173978567
3971.460235938408
3972.051828931763
3973.293271670536
3973.758211237803
3974.587721336742
3975.656561077040
3976.179231928391
3977.075266730173
3978.098912129057
3978.740696581212
3979.235342763552
3980.432649510339
3980.766710106349
3981.382623389893
3982.086679811239
3983.044736337833
3984.291690877913
3985.159266284677
3985.636996574012
3986.658345978767
3987.197593293520
3987.799860257335
3988.460679615900
3989.722155224817
3990.111960030215
3991.156699498200
3991.584569075904
3992.302107479887
3993.572576859862
3994.128303484017
3995.160073221444
3995.940398266708
3996.757393564405
3997.529842455279
3997.778014772903
3998.553726400240
3999.566633300503
