9.222379399921103
13.90754986139213
17.44277697823447
19.65651314195496
22.33610363720987
25.27463654811237
26.80439115835040
28.83168262418688
31.17820949836026
32.77487538223121
35.19699584121007
36.74146297671031
37.75391597562427
40.21903437422132
41.73049228930785
43.59174123557517
45.04007921377560
46.19731875314331
48.35905247802367
49.27605353655818
51.15656028143635
53.06671423542581
54.09995263156227
55.21778745348462
56.71529404472537
58.58016100791407
59.78593800331714
61.13672295792680
62.66499232630716
64.08664571892624
64.84864127982826
66.49476926718959
67.93860977475047
69.04339787488993
71.11465341424647
71.74750419616563
72.81406066758940
74.09582544001795
75.77216168976412
77.10183189348965
77.68461125026034
79.79293909123567
80.56019206809750
82.00757620451853
82.84252583957207
83.97564035576498
85.46221814858006
86.75597218825529
88.07513099425673
89.02289034074360
90.45103289616260
91.11271853147250
92.44292549472128
93.76912394743676
95.13807853977349
95.62492107704515
97.34104088984687
98.70980408818076
99.74664890030414
100.2246149996820
101.3435935337104
103.1666359156363
103.8173389974464
105.2218133379905
106.2938221342006
107.4267075539265
108.4754379016369
109.3916960760268
110.7096626840020
111.5347354016391
112.7571535989702
113.8434340477206
115.0627655605348
116.4634839836960
117.1165408472724
118.1468707368482
119.0821677966466
119.9945420952363
121.7863306785209
122.5573178250266
123.2124171631216
124.6062404911680
125.9428934493004
126.7593920458692
127.5558031601535
128.6238389445106
129.6034220841255
130.9485924073962
131.7081990481190
132.9685427861441
134.3472966887716
135.0786958887394
135.5528999875285
137.0903347110045
137.7002229203172
139.2840085516845
139.9365843900571
140.8965332268101
142.1411519890185
143.0835552634785
144.3547263694031
145.1653120064069
146.1487705718024
146.4097883646260
148.1177541226128
149.0412678815714
150.2750742969781
150.9064237539795
152.1344343784804
153.1151471940314
154.0518290966241
154.7953122295759
155.7320793911375
157.0957831922945
157.9127528865147
158.6608139225809
159.6686139103367
161.3063702811865
161.8503586051300
162.8714549225416
163.5474941087672
164.3389052284337
165.6101228957917
166.5807970056847
167.6436347091076
168.6591247847261
169.2457741065447
170.5979320487521
171.4664999977290
172.2169267497708
173.5242528689449
173.9134135056898
174.8765292771755
176.1665777917230
177.2078297825819
177.6927239361702
179.2467652207508
180.0763485343238
180.7636793080429
181.7354944856224
182.2024919488172
183.5234365784372
184.7663025824491
185.4918147411902
186.2444170035718
187.0757402666078
188.5368725276775
189.2689736566063
190.1830094870345
190.9583656893166
191.6328149026516
192.7925002062289
193.5481111769323
194.8371805089750
195.4071279189484
196.8654810999995
197.4600122758287
198.1569402301151
199.3112321518683
200.1461412029069
200.7860427714166
201.8437149619503
203.1511121527724
203.5363109910422
204.5123933434047
205.6235312757294
206.4551567297137
207.8467610680091
208.3443022523550
208.8862430001589
209.7545253737877
210.7039058346764
211.9648793318951
212.9829738766030
213.4280929691847
214.4386923503556
215.5826154495495
216.4237195130450
217.1374984503927
217.8974922791511
219.0577593491743
219.6196634031502
220.8424853006933
221.2983798026801
222.4923346025505
223.3196639865909
224.4885153001181
225.2978104732441
226.1301840737916
226.6142171531247
227.6019259101809
228.5023298787862
229.3099917520039
230.5718998499987
231.3567694302172
232.0759318125104
232.6653058038576
234.1010064028605
234.8267446127315
235.7471014399921
236.3093063595371
237.3473335471578
237.6450888275173
239.2890591630041
239.8992460699169
240.4924083208593
241.8682289970936
242.5701878610144
243.7263550403365
243.9341977649176
245.0890157105407
245.5943279944047
246.6926898484861
247.8638440830616
248.4749527796582
249.1617534962425
250.0852489562021
251.0710985655460
252.2017418297952
252.7638985969763
253.6220781405981
254.6364565820475
255.0804799368635
255.6503879912115
257.1157213658850
257.8064380484317
258.8193362762929
259.5597420518233
260.3196678496748
261.3765190186035
261.9559808789403
263.2167448602290
263.4609411671445
264.3333899130222
265.5303740018822
266.1943306679363
267.0749849987241
267.9143130553280
268.5129542541548
269.8286792243161
270.8988961225167
271.4162122773445
271.7926935992330
272.7023215418126
273.6244064674563
274.5969844017501
275.4098195361275
276.5361690897394
276.9253544224641
277.8396903879265
278.9549020577912
279.5595175680879
280.4631782672352
281.3293585489930
281.9895948939715
282.7955544863112
283.5803955395354
284.3899259682600
285.3270241536915
286.3916374520364
286.8565993070396
288.0532898839647
288.8006650626184
289.5427321009569
290.1350782101779
291.1013381160062
291.5382880479284
292.7113897787216
293.9381254376837
294.3724290565483
295.0297012071166
295.6922564133070
297.2842177676961
297.5534155804503
298.6305678823170
299.4765749054576
299.8355700865192
300.6053092776395
301.5784501395075
302.6077895528124
303.3382824349811
303.9688372746960
305.1095949091153
306.0720603097735
306.4583488649376
307.3518759721789
308.2187292242579
308.7765237235401
309.8439542420145
310.5622090525030
311.2325407072983
312.4969547627518
312.7215429826488
313.7660202434073
314.6279086184989
315.6181024136497
316.4577129805144
317.0960150768739
317.7914075383574
318.3616944674231
319.0690896987798
320.2426837231484
321.2416146556988
321.8138419056445
322.6315783665139
323.4360729966289
324.0061027021766
325.5738331178303
325.7479417843014
326.3286660474941
327.3678299142106
328.1230302867074
329.0257388381375
329.6581417590446
330.4848328263274
331.3228769708351
332.0708905070598
333.2490196450849
334.0835689792400
334.3972950425385
335.3045870281568
335.8778298614580
336.9065217434494
337.3867493912437
338.5895326087022
339.3687612300408
340.0673557439710
340.7148879606457
341.6493355687323
342.3800601324221
343.3260341321196
344.1094216925781
344.8983619810008
345.5424536677760
345.9837371778992
346.8525389261843
348.0322080089296
348.6820197511731
349.5530899470381
350.0319040263015
351.2896016400057
351.9730519484178
352.7440783263582
353.1107490671448
354.0570557410976
354.9855222604430
355.2922238613484
356.8338668125191
357.4425566581574
357.7031585096982
358.6071448755585
359.6318917814313
360.5299562089578
361.4460080486517
361.8359396879595
362.9109338714546
363.2059203685061
364.0228859106956
364.8890717283046
365.7941219473428
366.3946310162783
367.6730326550232
368.1154302097174
368.7373188991983
369.7778301412035
370.4275144260674
371.2020690387793
372.0496199651877
372.6107172182536
373.3200722486233
374.3113862667103
374.9243466648776
375.8449583875212
376.5412950432310
377.1835802571957
378.1164551308800
379.2793078941118
379.6929732132952
380.5776722324320
381.1774071698699
381.3492984958503
382.5430013710743
383.5919971027439
384.2670525580636
385.0510712162775
385.7574243735833
386.3420931503806
387.3373820284653
388.1786058820222
388.9973676622063
389.3990336150582
390.3466532773521
391.1159227001223
391.7784046795876
392.3140308101041
393.3171989127113
394.3868425001383
394.5399598805926
395.7471548949449
396.7547231082883
397.1807480369148
397.8266928791116
398.6963498690590
399.4108553650285
400.1592344327967
400.4886536786798
401.9200307113255
402.4204792092076
403.4792667241686
403.8196349588468
404.3622957517667
405.5873310221976
406.4105028832590
407.1690726593935
407.9367187359946
408.2753097466642
409.0928595591774
409.7567119460006
410.5601675382063
411.7836485129107
412.1003585138240
412.9909693929144
413.6693598069432
414.8388470742217
415.2601024031762
415.9258006044044
416.8249176262524
417.3019624028500
418.1071018320534
419.0749538439379
419.6836233384944
420.5464642083899
421.0717682948265
421.7948585105125
422.9097886825869
423.4843519255076
424.1849816321285
425.4269555222374
425.7244703918434
426.3130294322905
426.9277273907919
427.9032509045263
428.3549687941009
429.5665602468834
430.2946165982684
430.9899218068280
431.7133442404512
432.1270106630986
433.3026900529616
433.9677033631996
434.7562935884122
435.2921766875254
436.2409315235908
436.4745702406617
437.5201512612402
438.4315260285136
439.1392629552400
439.4946176433458
440.5637942063108
441.3004870257190
442.3624551688557
443.0119244634353
443.5001164934118
443.9724960729639
444.8706112869945
445.6034828586634
446.3573771415949
447.1729484622595
448.0916398015316
448.6875613651543
449.3107759588848
449.9538530656250
451.0168035029196
451.7600259828679
452.3466911117850
453.0511188508033
454.0821798329153
454.4485311399559
454.9499653674919
455.7206618435987
456.8053468352225
457.7371786870302
457.9627565758022
459.0701009815281
459.6713729830073
460.5695936198637
461.1466034986832
462.0573947959687
462.3806309246408
463.2589055236149
463.7405482997301
464.8907178657460
465.7444357650845
466.1431406004687
466.8457443575330
467.6995428623189
468.1858650095529
469.4242322640893
470.2470663986251
470.6327420579606
471.2762765663567
472.0853674123262
472.5529897442170
473.2178548668742
474.5271591927499
474.7927674813752
475.6705828314791
476.5344223262392
477.2231058870914
478.0017010518050
478.5493401775398
479.2761504172148
480.1909877699189
480.8777358594642
481.2823090641797
482.2318739580984
482.8283347184334
483.8478239232077
484.0400298822164
485.4694583119067
485.5953266191032
486.4293767199497
487.5900376226239
488.2115837680102
488.7669723706656
489.6497600133667
489.9058984975970
490.5665522954776
491.5669708503243
492.1540748273561
493.4235293343564
493.9557783289424
494.3044354587742
494.9581999027199
495.9770107756525
496.9369560649162
497.4254399268561
498.0590027015515
498.8883173131559
499.4256062698404
500.1922122540544
500.8130967713379
501.6671459938920
502.2461898093862
503.2198027715715
503.6924652613078
504.7108959469198
505.3921039020994
506.2059663774115
506.7799020069654
507.1222004880397
508.1498959855741
508.7030083139467
509.6589270954717
509.9262423146956
511.1672837687214
511.8440280086688
512.3725751340996
512.9023170054701
513.8118007868637
514.7026839652544
515.2818401224902
516.2885820450327
516.8168143225922
517.4399630057354
517.6980824848459
518.5157058242294
519.6593828201630
520.2050178373608
521.1153821744697
521.5566091379640
522.3987628217454
523.2884492582551
523.7426510586063
524.6670082532320
525.3169714211997
525.8430761523079
526.3966398408075
527.3364604714733
528.1087348605285
528.8023083548655
529.4906043154030
530.0652382711185
530.6882382009640
531.6407074271758
532.6285805167188
532.9806498883548
534.0334296321609
534.4092441630865
534.9792072748123
535.9634526076591
536.2247715822717
536.9933679060245
538.0713781814813
538.7983796168398
539.3652424451773
540.1792739855389
540.8757169457066
541.2147076142347
542.3276545662754
543.0916763147490
543.6891780916847
544.1813507955007
545.0293563831095
545.7728940076955
546.0353104690517
547.1758033701502
547.8290543163401
548.6950127340469
549.0170325921219
549.7836611538793
551.0217342630501
551.7080761101829
552.0283049180939
552.5480712558975
553.2979027587298
554.1694524649516
554.5005752598272
555.6667852598803
556.3780490534834
557.0468370642179
557.4580781763827
558.4520689556703
558.7954256711298
560.0492291096974
560.4674899656005
561.2024464619692
562.0387210723239
562.4486290955695
563.2225688204850
563.8354849358605
564.3776143300254
565.3131129715719
566.0714711421385
566.7437544134662
567.5904646344752
568.1695453876070
568.8345731711805
569.7544549057360
570.1254948435548
570.9138176241656
571.7566872390403
572.1479785473146
572.6724247839420
573.7931388244213
574.6577577109651
575.0897369416822
575.6618469341142
576.2441114677445
577.2600813089355
577.9760045810317
578.7528172084488
579.5615552965146
580.0131664726278
580.5370290841637
581.2054055556346
581.5964993951678
583.0180045495229
583.3127136796655
584.0842967757525
584.9173723789396
585.6489028532633
585.9766036081280
587.1646847002377
587.6518722029039
588.2803287034595
588.8046774762789
589.8422420161737
590.2650595053779
591.0246435458474
591.6709281049090
592.3144660518893
593.0635253282950
593.8611857050867
594.5042402354517
595.0425842536681
596.3164027672680
596.4832760843713
597.4668841687103
598.0686701065956
598.5163375552761
599.0889858079810
599.8724924493733
600.5903727860444
601.3911329160677
602.2984252946518
602.9818380952095
603.4126135134852
603.8330288650088
604.8084601130498
605.7677254318523
606.3669696952075
607.1057762699018
607.4116309095136
608.1614285362572
609.0539646569548
609.3949560148326
610.2284496928970
611.1529942139984
611.6669694346308
612.2618139832511
613.0526664738247
614.2345951373188
614.5028852479925
615.1207944190461
615.7444748143888
616.5707917567420
617.0151078001527
617.7934565734537
618.4313130811050
619.3839838154914
620.0510108514852
620.4792229125994
621.2266252288464
622.0122890334420
622.6391927180305
623.3591842294714
624.2776924811876
624.7358509772536
625.7832410640282
625.8878893224751
626.6289872637148
627.1707375403585
627.8654595271366
628.9545412651541
629.6936197944995
630.1928770805956
630.6830957995723
631.6694288012250
632.3290416465438
632.8917506832939
633.6643616214052
634.3820086936843
634.8660702934603
635.3984422438287
636.2834873426369
636.9518024760766
637.8091595765953
638.3721344383380
638.8595131416336
639.4860794577170
640.5345455773312
641.0289443114613
642.1184975813652
642.6251032735351
643.0540591473511
643.7767417037021
644.0976179975098
645.1959443929738
645.6921996601843
646.3228306081523
647.2403173591744
647.9614051034993
648.7323963272225
649.0161354723555
649.9401387330362
650.4060702619576
651.5422398424373
651.9578549587823
652.4076481383500
653.5761694226355
653.9189566360437
654.2662503541236
655.1399416162475
656.1436522637497
656.4636345019391
657.3558704469995
658.0967987300049
658.5258638412864
659.4698537669673
660.3007626640232
660.8466019911895
661.4397604222552
661.8026206421471
662.5387604176877
663.2456368531748
663.9619087757941
665.0177946402322
665.4343037605664
666.1239650489875
666.7657722667321
667.0747650385305
668.2104288864770
669.1515803843612
669.4421337627357
670.0808998901107
670.9525873037002
671.5549805474203
671.9640453313346
672.5914341134313
673.3458495360901
674.2882714466198
674.7932432583115
675.3811482285184
676.3793128206372
676.8747866226018
677.8535749110952
678.0372108500387
678.7869852975107
679.6347513691908
680.2060748236788
680.8853194007623
681.2775043262201
682.1813201039385
682.9616335889391
683.5862451423384
684.2803547460189
684.7611190712164
685.5554040745891
686.0268621625662
687.2333679382760
687.8630588616616
688.2695164282078
688.9700274893165
689.4887967334474
690.0287719359185
690.6234223664601
691.5283764460690
692.4881150453140
692.9086190681260
693.5965975885500
694.3144158553392
694.7886862016724
695.7068502250016
696.4535916701658
696.8464986530764
697.7928652640481
698.0906314357621
698.8476393335019
699.4912465351272
700.5716146346809
700.9048650840740
701.0973114665466
702.4463033627556
702.8327132509269
703.6167875188527
704.2303074719300
705.2893867465256
705.6100290328453
706.4019215451566
706.8168622372246
707.5134864183262
708.1458417800329
708.7245834922321
709.4584356982160
710.2537137971446
711.1578646006577
711.7343823259284
712.0915771660650
712.6720043984797
713.7013789673850
714.1899433336783
715.0295363716109
715.8007336791355
716.2375626737495
716.9412604663618
717.2260850133570
718.1099004027638
718.6855143900556
719.6953824621316
720.3065676051539
720.6426884544119
721.4343053845717
722.3911416323777
722.9581490312902
723.8102637476046
724.0895792528027
724.9024584571811
725.1346147541813
726.2591473855987
726.6876042147810
727.3421515486590
728.2868630863179
728.8570402933150
729.4899639716134
730.0000943004438
730.5143943854846
731.6790844739240
732.3188243845581
732.6408854887311
733.5993896596166
734.1926807074266
734.8564250019712
735.1901397362785
735.8741571033624
736.4295680898573
737.4705269107328
738.0388155975301
738.7350991618513
739.6950091845349
739.8438580846221
740.6032526517149
741.3750965284426
742.1010509211047
742.8563498819021
743.2580960815692
743.7871278816639
744.5214145137074
745.4082167245181
745.7006663497251
746.8493598723661
747.1118097607137
747.9556170627146
748.3071752407918
749.2477834966441
749.9539208565091
750.8621488749363
751.4165224271017
751.9854397138588
752.2691457492528
753.0158221848286
753.6067329909000
754.4477840392257
755.0695423480891
756.0134652769535
756.3641990432685
757.0554832636716
757.8455316437479
758.5776717491599
758.8189289194602
759.8444806885137
760.5868520791058
760.9449038594201
761.7033478584501
762.4679225515668
762.9521388316314
763.4121816223365
764.2191940586770
764.8584398118283
765.7030582987136
766.3246054395862
766.8945393520942
767.4804863343921
768.5498982820284
769.0724248217284
769.5598768843811
770.0075906713669
771.0511304086270
771.3618087960704
771.8554828074112
772.5415406394464
773.8316592954505
774.2342778298293
774.7121075155339
775.3977269092495
775.7841964026504
776.6760900589835
777.5797066334888
778.2137968533849
778.7982728616789
779.3479665709027
779.9564449567554
780.5976969005327
781.0545921279728
781.7892488952608
782.6548186329767
783.0854269615558
783.9954790778129
784.6200582000801
785.0110937334440
786.2620308903824
786.4061120116710
787.3698462696483
787.5202801538318
788.5147336006365
789.0171619529245
789.7149272017197
790.4017218434934
790.8346182300483
791.8454601846034
792.3229475540775
792.8555690461064
793.6824817862094
794.2494604354590
794.8643478828896
795.7108659658796
796.3599628579138
797.2415727206950
797.5367495805886
798.2405842527240
798.4808445315493
799.1140258006200
800.1561392320814
800.8559394302690
801.3394717495168
802.3035126870211
802.7583089761742
803.3028993871072
803.8165934026205
804.8119519436906
805.5832014960124
805.8640060142477
806.6989178963374
807.0969015865082
807.8421355009526
808.5551619241639
809.0614773183491
809.9220540855240
810.4394871580643
810.9542532839768
811.8077974862555
812.2498513418882
813.4200201543994
813.8765349684962
814.4540069768148
814.9079841410974
815.8625310343193
816.1118325103827
816.6913684964868
817.5568164408623
818.2547083662620
818.6262958966740
819.8156293444293
820.3276680271119
820.6378145841601
821.5139503531293
821.8161057312149
823.1347412472609
823.2139900939489
824.2405365043282
824.7496066182488
825.3365878800566
826.0029102655776
826.4826542429824
826.9169260887158
827.7306916697769
828.8305781296918
829.3762428731743
829.5341091071040
830.3681729243603
831.3312822611893
831.8728869336279
832.5626602798149
833.1604147694836
833.5213209701487
834.2356140059649
834.9883671007363
835.2954672589742
836.3551478838164
837.0214597183306
837.6414861563669
838.0881845383639
838.6148137062847
839.4707740519089
840.1044867683407
840.8473668836126
841.5475034125140
842.2552453876969
842.8416093048112
843.0415890138677
843.9674369291577
844.5516260144676
844.9272404707823
845.8537326060446
846.4498462915797
847.3612177338440
847.7379512309090
848.6161927654500
849.0527966533335
849.7876529663098
850.2909218872471
851.0047199199485
851.8326837290703
852.4089262845998
852.7389237045965
853.4075213632560
854.1095407521440
854.9057032039859
855.5193389864435
856.0859706641697
856.6385949706012
857.4300450484382
857.9145857977566
858.7723731994981
859.5071845388087
860.3486693798888
860.7042728113162
861.0134624237786
861.5904505269127
862.5024414554324
862.8963171111235
863.7215124921614
864.6589092196319
865.1354774997048
865.6331883113657
866.3305652521192
866.8800440341524
867.5521623546645
868.5746319249498
869.0587467739872
869.2390602828323
870.2614483258127
870.7973505515562
871.6561781618922
871.8746217066749
872.3956673965375
873.3554700804001
873.9990656882491
874.5123076360719
875.3288695029322
875.9260769696290
876.5962793013191
877.2491667696129
878.1284574193024
878.3449532085186
878.9378619470752
879.7637923316530
880.2739784571695
880.7207642190941
881.5369243266477
882.2982898936976
882.9759991555101
883.7088474298948
884.1969552678264
884.5432891274960
885.1286085809187
886.3474338314910
886.9290777890359
887.3384004751647
888.0682157008593
888.7488214031649
889.2110451428093
889.4241790880216
890.3606900505284
891.1325870001492
891.9686001442630
892.2542136633926
892.9787858051530
893.7022516533767
894.4526331690141
895.0658811483028
895.5542816105455
896.3559648248475
896.7040432419893
897.5763865654626
897.9546403892129
898.5804196261998
899.4307592995221
