6.362613894713089
8.603539619290756
10.03550909718108
11.45125861034521
13.56863905712999
15.91407260330038
17.03361032038062
17.94143357345934
19.18572497185224
20.37926046435011
22.17249029147467
23.30141550222972
25.20986842425159
25.87640307934879
27.06763523343850
28.44964969957163
28.68390988268501
29.97485994871917
31.66357556883289
33.08284281234011
34.11285247653142
35.23648779274012
35.72287782278645
37.03640515438353
37.76195716811216
38.83348636552055
40.14665617632047
41.03779401816578
42.51173278879767
43.42909861122323
44.74645452750351
45.15871413733306
45.91026195775414
46.75759897253166
47.97205062882680
48.80751811838414
50.24394218273391
51.37136589996970
52.25637215390700
52.91335181223402
54.00741225213130
54.76302561990132
55.57102956976863
56.47977667018857
57.33169133135672
58.18366192381848
59.56044016271178
60.61249312210358
61.61397140053690
62.33874016422431
63.02689756214502
63.89767943401166
64.64066059091903
65.17185838485786
66.39851781333046
67.68192673609899
68.28340392474953
69.30395702939115
70.38407279883794
71.17826260300770
71.99689591854630
72.54705525813695
73.57260157267644
74.41560985348282
74.60962136113692
75.88130107009067
77.12602188405656
77.67708881090344
79.27686028311843
79.80429851747960
80.36278278073769
81.05219884601558
81.95228984151037
82.64939525413596
83.56245533409671
84.21922825302882
85.17038789897381
86.24167403475842
86.98379307280959
88.01629049315630
88.82454928341869
89.62682544539699
90.45133799220827
91.00440393068694
91.79783962100817
92.16562399658998
93.19246132686280
94.12378742039537
95.08128420749394
96.16855221485417
96.97184384171507
97.59011055224053
98.38238129753673
99.22805896992785
100.0011663764801
100.2114671465298
101.4987574931450
101.8756261625963
103.1077891677931
103.5239045560441
104.4040107966416
105.6720927485371
106.6540553333855
106.9502456003456
107.9621774333279
108.6307659333914
109.0961653915040
109.7418081832517
110.6643273711698
111.2609647401185
112.1510996004960
113.3879837578062
113.8447093323153
114.9278960777934
115.5434778933834
116.5334433402044
116.7645342047962
117.8073802867197
118.5466536798304
119.2205606147173
119.6918681852400
120.3007385011621
121.3621298944736
122.2786229044380
123.0941768095492
123.8652277484064
125.0166701668554
125.4382619145563
126.3218968241856
126.4836421782312
127.2430325074133
128.2827397884859
128.7281130339782
129.3919223942432
130.6026629099466
131.1814284976720
131.9398401713300
132.7796796736357
133.6979512709544
134.4435732137111
135.0840411310070
135.6568340992133
136.4708891649974
136.8649328031977
137.9170283612407
138.1286386744128
138.9679775216539
140.0515659957919
140.7548467973382
141.9562809076046
142.4593373773868
143.1625665392195
143.6719656042440
144.3930719729062
145.4156745077248
145.6308861871825
146.2953382863421
147.1406269660111
147.9709614058567
148.6743042398555
149.2258242269833
150.3853860738738
150.9454740793622
151.9673341514063
152.4533851470881
153.3894095328708
153.7889332427519
154.5477972789679
154.9765273612816
155.5559661165942
156.2510073695325
157.3039906661930
158.0946061538927
158.6150492090232
159.6891813603139
160.4552751116558
161.0236062107127
161.7199492511447
162.3799118603310
162.8904807297590
163.7556465924538
164.2883433690799
165.0563186674741
165.7207445803874
166.0014513673431
167.2458890517492
167.8350829420582
168.7377084561412
169.5745212579287
170.5178483280160
170.7683400476815
171.4973499936210
172.0752228996719
172.6578923082638
173.3662220445883
174.0630510948840
174.5907038925416
175.2879093808921
176.4855866719549
177.1627956167052
177.6317103620229
178.3086124166813
179.3454775252418
180.0141757067822
180.4415290673539
181.1660170133630
181.8828766376078
182.3721177154253
182.8838112387433
183.7630606321193
184.1282268888321
185.3183853778417
185.7256985519513
186.8746041221810
187.5295501590408
188.2619677817392
188.8360474670550
189.5206137084091
189.8994639728370
190.5758608159809
191.2770648925864
191.8782102787140
192.6673037611616
193.2411156092747
194.0567822236817
194.8393456341252
195.1765540732101
196.5491730294864
197.0629858405759
197.5566047482756
198.1940010255561
199.1134095698214
199.6925412260408
200.0462973954734
200.6788532906831
201.1473861148281
201.9544979387766
202.7313036006335
203.5766033169688
204.3120533539311
205.0475376803311
205.9297982005514
206.3663067432490
206.9515812865052
207.5721123175790
208.3914812218451
208.8922319888604
209.4640355186525
210.0472320673411
210.7458200384853
211.4618257092276
212.0973147228286
212.9885266992250
213.3532310445522
214.5453536192357
215.0049414493740
216.0495018194471
216.5370037325751
216.8699386211910
217.3571042956867
218.1922953796356
218.6716778969233
219.4713650694495
219.8664780802913
220.6453230948874
221.6043906746286
222.3016742079472
222.8424332917834
223.8752798160476
224.1359737563524
224.9264299452671
225.7438072669171
226.1765018005185
226.6574250874148
227.4310877325636
228.1418546585539
228.7264926744825
228.9795067451572
229.6898323351325
230.6910079570440
231.6185694893671
231.9932026373803
232.9667927509264
233.5711708982033
234.2910989525723
234.6536034885171
235.3400444109570
235.9524195679859
236.3161675151991
237.2452752489251
237.4216849785474
238.6561830577891
239.0010538780852
239.9501795032702
240.3990683951057
241.1159078590703
242.1298341736648
242.4735515004755
243.3619442006279
243.9189543500954
244.3040619885871
245.2056693597419
245.6458470100004
246.0106723745143
246.6718095788617
247.3190048976373
248.4194894203465
248.5622978178953
249.5160799270009
250.4526551398065
251.2601603007173
251.6764431177853
252.1176750016520
252.7173936338461
253.4751670585466
253.9218194633552
254.7333358215942
255.2699035385806
255.6672047097989
256.3825438427011
257.1785521766398
257.8339888195596
258.5383439448267
259.0092168045359
260.1752384557500
260.5744115132624
261.2955937223903
261.8343175419731
262.5426574316866
262.9667037416775
263.6422578508743
263.9109981519280
264.5668732713170
265.4920072679398
265.7956805248715
266.8320480570329
267.6528283358494
268.1569367550061
268.7305142055072
269.4481451193541
270.2640803011474
270.7845704202545
271.2499050695189
271.8118741019491
272.3629444191061
273.2025548517237
273.6435579398087
274.2346843423907
274.8660293427455
275.3837544528943
276.1282502476049
277.1603583525968
277.5741669035145
278.4628506380388
279.1614837811758
279.5082067780991
280.3153890773095
280.7491170255377
281.0082388281722
281.8366900357013
282.5042749774500
283.0906108789315
283.4691384718289
284.4544710755690
285.0303252650315
285.9220637473652
286.2794147848393
287.1961663048228
287.6944715817292
288.3250966834348
288.9116744599921
289.6961039961224
290.1872045951345
290.7470445623559
291.1660669856476
291.6729687647103
292.5129312452130
292.7562382231729
293.8485746906491
294.5794829634661
294.9182402137535
295.8641113321202
296.7890831604270
297.2061092037021
297.6932410230945
298.0174140838694
298.9412273064568
299.3009292611844
300.0965414748755
300.4367412901541
300.9695976675414
301.8942388284145
302.5841387551213
303.0208895487602
303.6333768030851
304.3704062613257
305.1309216220800
306.1586622211035
306.2237109977251
307.0096625685590
307.5900126933122
308.1098261769272
308.6634543487791
309.3021344096145
309.7881217183554
310.2804139662505
310.7340675372793
311.7637274694070
312.5081950924743
312.9865171560233
313.9990174121620
314.3243627142847
315.0657446295444
315.5276535831653
316.1473550322602
316.9000419497844
317.2457966260850
317.8309968120126
318.4342493462114
319.1632644905244
319.6827923987357
319.9775671218150
320.9546369171206
321.5213850799848
322.3279565720947
322.8466489645259
323.6034723776045
324.3882685299035
324.8179440664417
325.6162751276055
325.9429299943564
326.4345674944178
326.7860933067246
327.4965461954734
328.2041485985262
328.8498702926380
329.3348453614033
330.0902989592724
330.7646220868829
331.5532459232625
332.1363420965561
332.5869642297370
333.4169546521697
334.1112585153774
334.2554146807791
335.2846315176912
335.3879677722850
336.4275235558486
336.6880673193775
337.2853159217665
337.7111863416958
338.4550494158280
339.2112383567535
339.7298895697098
340.5034984807830
341.4697682111591
341.9865060896922
342.3203950990232
343.1440808511064
343.5261962713125
344.0075283089038
344.7857335644883
345.1938430353166
345.7204917270967
346.4265972820898
346.7003504394544
347.6955603292199
348.5390693477066
348.9265032661855
349.3230273036792
350.1289798640529
350.9925310442039
351.6031338695432
352.1606617598592
352.4486909523369
353.3504477424152
353.7868309043841
354.2563867940580
354.7853976651686
355.3579661601519
355.7064421518174
356.6661269772868
357.2380605066974
357.9801446710616
358.5376427717968
359.3769015240157
359.8946268938824
360.7281464970563
361.1041638657530
361.4008789558143
362.0418993282258
362.7435458966868
363.3348886221187
363.7191037752902
364.5614905736001
364.9003121351644
365.5776705470131
366.1348680070235
366.7883477248157
367.5247129285216
368.3245892788374
368.9198439218392
369.2101467516646
370.3016388324471
370.6621320338513
371.1930505783890
371.6031285609201
372.2279405965607
372.6669288042621
373.1881025732555
373.9796058057828
374.2901729560200
375.1575493403172
375.9158988699367
376.5775501686697
377.0622768495106
377.8944781673056
378.2388867635531
378.8320886109663
379.5642268888583
380.0990136906884
380.7751760110388
381.1118114786361
381.4223662089109
382.3967207501237
382.8045033031853
383.3548527549573
384.0392479532372
384.4116348264504
385.4244812527640
385.8468493480418
386.6507784376618
387.5650199954128
387.8155099390387
388.4876059904234
389.0510145208136
389.1162833671902
390.1153730286951
390.6458830139379
390.8699743523900
391.6239463768560
392.3688986831067
392.6495789822789
393.7163958793307
394.2588024740457
394.5428658600293
395.5646981680280
395.9586360957810
396.8280082953602
397.1755962338641
397.8361408856739
398.1692810179777
399.0051825001550
399.6193366601916
399.9521988819684
400.4469205500854
400.9312428868725
401.2973735747080
402.4238433596607
402.9668087292548
403.6698640627165
404.0325023685589
405.0947121581352
405.5349166739510
406.0583093968811
406.6180746474198
407.1033087517523
407.6910536685029
408.0834105439642
408.6822636053026
409.3970255996308
409.7778485240099
410.5756310681063
410.8437879134942
411.8447584116794
412.3662057106783
412.7353941055770
413.4741832220786
414.3688003282174
414.9494637811079
415.3153228107664
416.1052914212711
416.4572711508583
416.9713280955970
417.6551792545866
417.8653369819267
418.4707316988685
419.2194070061713
419.8950537677375
420.0531006167690
421.0506840495970
421.6920181336212
422.5705408188545
423.0109568020567
423.4714155567617
424.0276483834009
424.5686841781600
425.3755410215094
425.6970246084946
426.1972203034652
426.9126097624777
427.3438672515386
427.8620408562644
428.4679174146067
429.0382194789059
429.6293773775054
430.2171203547401
430.9382974603575
431.6573272718995
432.3131673222039
432.8333590971699
433.3828578523692
434.0433475605347
434.6995316655106
434.9082604614044
435.3106119345219
436.0957042429647
436.4242381585772
437.0891108154905
437.6493984294932
438.3505382645066
439.2740878947355
439.5398494555459
440.0251583701125
440.8751578627568
441.5754665844140
442.0161061287168
442.6842849403263
443.1644845261106
443.4965316189641
444.3973719911092
444.6666613428886
445.4388150594416
445.7392046791961
446.3100927932832
446.8744376194612
447.3018334300699
448.2673455291777
448.8754198783120
449.3696776189239
450.0748971324512
450.9774992298631
451.3862562359796
451.7131327108378
452.3738825348851
452.6464456777991
453.2297432044663
454.1411799524488
454.5393087849764
454.8453966539261
455.3308535424299
456.2037663632635
456.8556362717365
457.3582581501102
458.0520108029108
458.5762517521242
459.1310586068513
459.8817721499878
460.4331329364909
461.0180352264419
461.6766937727050
462.0372763869257
462.5314836748866
462.9981219718062
463.6455516935064
464.0039942523250
464.5522895355287
465.2329277783431
465.9211544812538
466.5499699628070
467.1451292730636
467.8422669147476
468.6103460703809
468.9430353711983
469.5305933095987
470.0175977361817
470.6834386451233
471.1043621227971
471.6276037492715
472.1160082873064
472.6502319023945
473.3374426979181
474.0164012312593
474.3523962957273
474.8628987304794
475.5329412262439
476.2370087232874
476.8673913953774
477.7370734702749
478.0603031712604
478.7160647878487
479.1583932458484
479.6945955678901
480.4663672631131
480.7529671915983
481.1168702448146
481.7359583651170
482.1934867127553
482.8258436140084
483.6010632413612
484.0231732453717
484.7426877188333
485.6612290182693
485.8531586925763
486.5339944838425
487.1630627098046
487.6940636165383
488.2254165588927
488.8778788150208
489.2095743398440
489.8542688129047
490.4406211195222
491.0000602236524
491.2225383188113
491.8948719576910
492.3620528990808
493.3447578557660
493.6946006050618
494.3677543074530
494.8253041282037
495.8239678753496
496.3303638041805
496.9427126727658
497.3492210886876
497.6868814539034
498.3199035581993
498.7719952400510
499.1596559301562
