# Sym^2 Delta zero ordinates (analytic norm, Re=1/2), windowed to T=5500
7.0702241402874349921
10.326317865613027365
12.214217933606525497
15.689152964025174121
16.770234598418419455
18.824919953184541319
20.119941224514985308
22.075394399109472346
23.796499266537539536
25.186426120770267389
26.638543436236374279
28.012460752981777562
29.141679064430592768
30.016883588257239611
31.989361439132528447
33.433564202461045716
34.594747950070976819
35.258340785499555931
36.480874371284757398
38.233427668616371623
38.684381825825680573
39.748780789019071872
41.411678529109670414
42.392164585565997382
43.650042806377344773
44.411571360571934418
45.596044799125128961
46.558989215303948630
47.307032739609641853
48.231756528778660787
49.709735953593833382
50.913781810069115872
51.685138204927920706
56.595615787631351674
62.883804648871530236
71.997630139460275331
84.071489603446890805
91.049529372731674780
93.138193034732725069
99.486246521158211699
102.64350133979952130
109.88181623758568670
119.93844169562341283
128.64888418149840923
137.37785385624710421
144.91816146008890657
154.45622000855488419
157.90546895536284833
163.62837239548448173
166.41505389347388990
168.42176731217641671
206.59862484510949370
210.78715288416714703
225.30335745373248567
240.38146554176404077
266.41557966733646750
278.15004001601113483
293.45772326615042690
302.14756285353179280
313.46097909537115368
320.48939312022140254
326.09893935010549300
351.44928220208401275
359.03141454169812576
360.54652611659723151
365.85973584973177867
369.09681163009885482
389.40621180752813777
404.42954091040446957
408.55815821884490354
420.59761523439385829
425.21913763553903902
425.48128770607110337
445.12915090210663388
463.61428666327812842
497.78805653922403599
512.79186305973868703
517.03965015445537449
531.70140311393170400
539.70464244201510548
540.86421602001286387
543.85490138934208849
563.14606104202148345
572.52823927736512369
591.20912778822771722
594.95274874092892274
604.28054554659290793
614.80339158394615562
636.31083310970860303
642.71226236951608790
667.64986674989163333
671.27024276607770315
671.69304274484240611
677.83428891382929228
680.50044385243610464
689.86605380906707459
694.35632018562419692
708.43038349505514581
728.68190930747341254
731.00230500472804387
737.01462993783237260
744.10250353779277952
755.56318276569557096
765.82460250132298754
782.70556359336628731
793.67361954911797493
797.82165859942120761
807.02657203240424524
814.03313639757950163
815.47282270116082325
836.29811618417267615
841.36704145387426244
853.24443137253371207
862.68357235755532497
882.95204175071164616
892.94046843162675468
916.91801011688394453
928.04121425759375974
936.26313740181262395
958.67819464264334865
965.05399140388950636
968.83207779394821830
976.00467507515387798
982.03878526638107290
988.00300566889348418
989.92127029989853131
1017.2066978754397882
1022.9084500140838353
1028.6369934408495518
1039.7190765693274661
1047.2764700780036595
1056.7149091629780354
1068.0841743505422364
1076.3267370384270190
1084.9874762552564078
1095.2904887999692956
1099.3512752064638131
1111.2429186646234011
1121.6161264976512218
1126.5930491867262919
1132.7719594534152720
1142.7474224872916193
1153.6223566391258832
1162.0841246396296590
1168.5900693640135795
1169.6458158533787153
1188.0247720254195008
1196.6042674573106204
1207.1017055451272765
1223.0307812764706869
1231.4562935789075984
1234.1877906573703083
1244.3310626756658216
1250.2945018774959507
1256.4204919801616898
1271.4396290592510653
1278.4946057326939545
1282.7444400273011016
1288.0794677329724758
1303.9417027835599934
1307.2228276449759605
1314.8111597222323071
1316.3094364949198002
1329.3887804659908729
1344.7973376880571260
1352.1206344655557237
1358.9179490769373001
1361.3040339172607470
1371.4288043236538198
1382.9019096417360591
1385.8744487254365522
