5.265020227582049
11.82395546014305
14.40110767072393
17.51673159287657
21.26112311281980
22.83359228719678
24.35638841200896
27.56748408646213
29.69484151629080
31.31083306980599
33.17872502187811
34.38286130584248
36.90000007666155
39.28290964600141
40.38133266860508
41.25523558764980
43.24580002226820
45.24435100628571
46.73457708453778
48.60850932637741
49.95448961946603
50.97454315138604
52.21970093788918
53.98456504212163
56.44005882387870
57.05602522700283
58.53627602474038
59.62064915105612
60.89176491064540
62.78556449961611
63.63523264496716
65.77158256703015
66.92224235226909
68.23009811386135
68.98224256544489
69.84190143767348
71.98368259084490
73.28859993027888
74.82258210835314
75.85748885328004
76.71488483455101
78.26561047461768
79.19717397515290
80.33424014462150
81.83363502642571
83.36338277289281
85.07135637161648
85.49929672246599
86.35994389313553
87.64721960617353
88.71243629263555
90.50339368582409
91.63800600123591
92.60262068930389
94.04639197739623
95.24700998996057
95.84622253191622
97.03271020427358
98.04552287721555
99.31269949033008
100.9772758583723
102.3344140529935
103.0517821166375
103.8947442205154
105.0581641853987
105.7459577628311
107.5754499233410
108.3441859216054
109.4318006424162
111.1333863525568
111.8441198780302
113.0468052228970
114.2144385174511
114.5682676984693
115.4416790164148
117.2422652388719
118.3223776731920
119.6918612771770
120.7499000812860
121.2446450434126
122.5010379073259
123.3933651590983
124.5230246926569
125.3398457393566
126.9014987007719
127.4004427561567
129.1819745693491
130.4418990209760
130.8400069533042
131.8003837846346
132.4567835896514
133.7411333692545
134.7150085542887
136.2986846473225
137.2184366628557
138.0358093223213
139.2635081287551
140.1947472564943
140.9248793142505
142.0899498815868
142.8495485666342
143.7299316064341
144.9635250668029
146.4073170209110
147.4989702188286
148.2120382101232
149.4218659478406
149.7061945022507
150.6901991918039
151.7187782356824
153.2423826372917
154.0391862189380
154.7829978507365
156.4223610790743
156.9125721130056
158.1778541125193
159.0042507740574
159.8646620166106
160.2924120212353
161.4485404611577
162.8682299595267
163.6320558381891
165.3116427995618
165.9193300335471
166.6201588070311
167.2640921064344
168.6072576625438
169.3319419155820
170.0757209637565
171.6269207842656
172.0635022921686
173.2923497499441
174.4139746722173
175.6827271151959
176.2871492515142
176.9434500476410
177.7917410411640
178.6053795282631
179.4426105172217
180.9507406603158
181.9730854491107
182.8424913129623
183.6625341518767
184.7538144740544
185.5860738196817
186.1119992600879
187.2657432396883
188.1706803567863
189.0495578700732
189.6739393037217
191.1301889354424
192.1928087176508
193.3005202350390
193.8498488260167
194.8948861822076
195.2821127581146
196.0878719721877
197.1591458636361
198.4130184431564
199.1981182170846
200.3035257559671
201.1615517217167
202.0467427248952
203.0125567570707
203.8091466624468
204.9918912380293
205.3495391827698
205.8492413851887
207.2189130795855
208.3534459346638
208.9719815042221
210.6925467956173
211.1798782253933
212.0275561602312
212.4616078477323
213.5685979039806
214.3215853324166
215.1376818371937
216.2795251916678
217.4048618610175
217.8477415792531
218.8365327282452
220.5445985697387
220.6785187688966
221.7054383428828
222.5794837435692
223.1402156537823
224.0162269655608
224.6400107463305
225.8889022958580
227.2482141743295
227.8566304099394
228.8435904745956
229.6643438533271
230.3221590656193
231.3726961387189
231.7762623296581
232.9635694102703
233.7494607199945
234.5743072623751
235.3767929427861
236.5076977437145
237.5658106226723
238.3508250192183
239.5568431369574
240.0747482737194
240.5050571742075
241.1631630122095
242.2391763849675
243.2278506905239
244.3350014011974
245.0588894775442
246.0916945168666
247.1711111958966
247.4767651581245
248.5294316932703
249.6163164109459
250.0585855575846
250.9424259979590
251.6045703897449
252.5248080153850
253.5470794487262
254.3449242010720
255.7798410445342
256.4787680957751
257.3249813471733
257.5616274024107
258.5881785339103
259.5718164599378
259.9099230293719
260.9482270200111
262.3525597661281
263.0887132461887
263.3986921218884
264.6569103203465
265.8171062248659
266.3815243230228
267.2382786070689
267.8524657611276
268.7411759466835
269.5524477564586
269.6840303074562
271.4221788347562
272.0226812935187
273.2377937836691
274.0378028196138
274.8832994079177
275.4508415813253
276.3035559668760
276.7500168313592
277.8403898530831
278.8230830803830
279.3942951119560
280.2832748454320
281.1571683336431
282.1604580237633
283.0860756476906
283.8880410955719
285.0241380322991
285.3661058860525
286.0783641313808
286.8422452996296
287.1935979647629
288.7325464614000
289.2948894002756
290.4285387458348
291.4961080433535
291.9964132383316
292.7233278067698
293.7201334214499
294.3991632887874
295.2939013060102
295.8007504377372
296.6426293950493
297.4847146345077
298.5701691190875
298.8604032380515
300.1366709216970
301.3804082604007
302.0631873225359
302.7089449194335
303.1618494708477
304.1241949986168
304.6739446835467
305.5403359074435
306.2236664388649
307.6049472175684
308.3891032674401
308.7757706575443
309.8773244940200
310.8876537801978
311.6146178469080
312.0474464658931
313.2679498002859
313.8022593802916
314.4467130294711
315.0402318316181
315.8413968260472
317.1376051391730
318.0049196952674
318.6686533257630
319.8434800641584
320.5597885639148
320.9943714743490
321.6183020165716
322.4151027539379
323.3344808119906
323.9961738357954
325.0905113292189
325.7399369136945
326.5437139556867
327.3782879612620
328.3476331937015
329.2050520786793
330.0661103688258
330.8824288288895
331.1824964605371
331.9219826431520
332.5437598789076
333.7270853032183
334.1796448194338
335.4423162052242
336.2413128381685
337.4802325539814
337.7252288240672
338.2631750656802
339.4111560227318
340.0695449361550
340.8742728769067
341.2593726131061
342.4541302599552
342.9830402271222
344.0034769591003
344.5006253697227
345.6096853657133
346.7277806571938
347.4773298713595
347.9152770447071
348.8433012847876
349.5198418180935
349.8487535447224
350.6944031811857
351.4588209897951
352.8242774464761
353.5150907188848
354.0341081517190
355.0469330051661
355.8602452339023
356.6682539825601
357.4455874387491
357.7959198199670
358.8904028390904
359.7705352047824
360.1035205037686
360.6317663050853
361.8062871620244
362.8519507545834
363.3250057696316
364.6713627270195
365.3915971388655
365.9119217197415
366.6088676776852
367.1193045922599
367.8071253932385
368.9608770914803
369.2952583290231
370.3483111894697
371.2555571408374
372.1261411588396
372.6029820357758
373.5479252148375
374.4312684312656
375.3105583082778
376.0643796085052
376.5422655755657
377.1482029442308
377.8417734966792
378.5300570807500
379.5440349553103
380.2931929384557
381.2335725914246
382.4775597490846
382.7438925219055
383.5815776790386
384.2992028177695
384.9480521963326
385.6500252934079
386.4632578683641
386.9408031602138
388.1447946208648
388.7707749138768
389.6193429398263
389.7962176456578
391.5646180296330
391.9581250239447
392.7794617918477
393.6255970660913
394.1590880133000
394.9438416778089
395.3626901181780
396.0509883552577
396.7416450817084
398.0611984973132
398.7107310129113
399.6716408047774
400.1175251274174
401.2325378161627
401.8818687533750
402.3025352088782
403.2329165911129
404.0352290756043
404.7446019729180
405.2603726532693
405.9278218679387
406.8469886192309
407.6580633316466
408.5706317944916
409.1563453838513
410.4591290227636
411.1734693514615
411.6334552018874
412.1422990423804
412.5964222691506
413.7184399007738
414.1974473209120
415.1158798101449
415.9297165388331
416.8342713770149
417.7712589882552
418.0207495006636
419.1042436065491
419.8891974148017
420.7282012147840
421.2866969558730
421.9835897036988
422.5890274383555
423.4808808922470
423.7894680778648
424.6618518217297
425.6787407754529
426.4640884248084
427.6472041267376
428.0829961544942
428.9927897898803
429.2823638912275
430.2418204746264
431.0014589683405
431.3900220302414
431.9927214382847
433.2164874021624
433.9364044646138
434.5482740676382
435.2853725922924
435.9542655944369
437.1513072269113
437.8140428472412
438.4900913123703
439.1720715586082
440.0757167030017
440.4150965397264
440.9417484443267
441.5564379992107
442.6159090652563
443.7360376451737
444.0467283813146
445.1519836847749
445.9717766075210
446.8360895928536
447.1389517504993
447.7279186512403
448.8105864686528
449.2255218791112
450.2312187804221
450.8163500238896
451.2019913212821
452.2522325540801
453.1162560791254
453.6614837051477
454.5794662424591
455.6952086843238
456.2277992222661
457.0681460925023
457.4625025626549
458.0213935218473
458.6124988333277
459.6302675756822
460.0675321189911
460.8902886056578
462.2401864411893
462.7303675458289
463.1977349753738
464.1468605857102
464.8235189588568
465.8259264329343
466.4145848842997
466.7691225008514
467.8755688018186
468.1327467732629
469.1228823275698
469.6401694700913
470.3535348262069
471.2223577603515
472.2384641608656
473.1593403476607
473.6980624676847
474.5107134535289
475.0832282961961
475.6423079909107
476.2459140385683
476.9045597044510
477.8152314192421
478.3360780889304
479.5726947519385
480.0630452530579
480.5096362981940
481.6176711206149
482.4566003460695
483.0456050595880
483.7244815453565
484.6498425887694
485.3505530727277
485.7859811662946
486.3368577689213
486.7929887055509
487.7202477573854
488.9183481906501
489.3943625118403
490.1413309735960
491.3038649267019
491.9006803269617
492.4360662504345
492.9652975329994
493.7104399779096
494.5251961679171
495.0549775385216
495.9937803079405
496.2599832636589
497.6023915572983
497.8794838714286
498.7125535723563
499.4449856981468
500.3687961409588
501.4426836054927
502.0746929968872
502.3302479134446
503.0234760231547
503.7338628531423
504.5265624149995
504.8269787734242
505.7305204438155
506.5858750517765
507.6407444060401
508.2316884261933
509.1247601528906
509.4536789759553
510.2936779390743
511.3290773823644
511.7040000530325
512.2327437084510
513.2148306459839
513.7078683978530
514.4891578619257
515.0872777609471
515.5819201100428
516.8111410208758
517.3979640759972
518.3150819081892
519.0587351124906
519.9774217617138
520.2649840131779
521.0198699106332
521.6422013183746
521.9452353611759
522.7844763659530
523.8136149536670
524.4832518992740
525.3633641262085
525.7927726760892
526.7253064715499
527.3807479295661
528.3762706611190
528.7924177486259
529.4868001250360
530.4696229528325
530.9924701886148
531.4100020188815
532.0596644387461
532.6227042496968
533.6922668423485
534.3401174503993
535.0909185792083
536.0556106624875
537.1244323883948
537.3388106080100
538.0228156975434
538.5860453415988
539.2129844796861
540.2490692834006
540.6180025809719
541.2080288013726
542.0191331252481
543.0671447987347
543.6549077709614
544.2672965854656
544.6767002899820
546.2053661554311
546.5252176665276
547.3475674603310
548.0453473354729
548.5697101704696
549.0396248716370
549.7852555439816
550.3126373177019
551.0785125485578
551.8942995949716
552.9829327823420
553.6412219058601
554.1201811723101
555.0572198312941
555.7282745918787
556.4004543224043
556.8236997820926
557.7638617086504
558.0540563605409
559.1279945224128
559.7652196388693
560.3166626173404
560.7842215070546
561.8106028369747
562.5051807434430
563.5211082608389
564.0889899960995
564.8412902687158
565.7164734363970
566.2644206011463
566.4770387425835
567.2743828396531
567.7873229582759
568.6752625442694
569.3433849317037
570.3625704124634
570.9645931686704
571.6075182204947
572.6790339939567
572.8751306000657
573.8040615885855
574.4305246965270
575.4794210956065
575.7646830001351
576.3963501976434
577.0991597514740
577.7081151254925
578.1657630169125
579.3357699658513
579.9133934790426
580.4509265775770
581.6018825855987
582.6954070120497
582.9199609189721
583.3049501899050
584.2315557861693
584.5228753104596
585.6217912794723
586.0511222913605
586.4739270557674
587.6329527560170
588.3726719984794
588.9875815640042
589.6333924749779
590.1478500466611
591.3929404845319
591.8688316529434
592.7190766506657
593.1340307376262
593.8073794702194
594.6378044801002
595.1115571719343
595.6432920348895
595.9668949890831
597.2091189346014
598.0873546342037
598.7385908490338
599.5016298148102
600.2142665201840
600.8217252219942
601.5932476212547
602.1541027735249
602.6100933649667
603.3621276413851
604.0163215312739
606.2158582089201
606.7898995050640
607.4320616172924
608.3937499840400
609.0527878681263
609.8608087681035
610.7265917878308
611.2400801713561
611.7702361322520
612.3112620387987
612.6526285728936
613.5097370493498
614.3840817421979
615.0573547561803
615.6699869778235
616.7140681403070
617.3531515906720
618.1259813394582
618.4673616539640
619.4475871987708
619.8672889378417
620.6935340165432
621.4858639198503
621.9058220750593
622.5829004743904
622.9841014103179
624.0088416173607
624.6447746731802
625.0997292504124
626.2293559495405
626.8720863534060
627.9392562258392
628.3624021267736
628.8034966041923
629.5211977776629
630.3281567380158
630.4668555250779
631.5338727250635
631.7817155885411
632.7463971540774
633.9106383388430
634.3063749637470
634.9660922381287
635.3014358740449
636.5546385701844
637.2654646021475
637.8159325284664
638.3568306989666
639.0319529358840
639.9512710094908
640.2367639225364
640.7818470407116
641.5579730452905
641.9692898689464
643.2300214246380
643.9195115523833
644.3795607725068
645.4871568282365
646.1649175866586
646.6063785907525
647.1773954439642
647.6739404282332
648.4856533981989
649.0823000850912
649.7786897467960
650.5882210059299
651.0163300399183
651.8803890601701
652.5471269264511
653.2649425234311
654.0882658081361
654.5173213085389
655.6997083796027
656.1695727963837
656.9169466859436
657.3542681122812
657.7958282623559
658.3343866174121
659.1421895912808
659.7704708147044
660.6699988660803
661.3720357119067
662.1678077098026
662.8875454379084
663.7193090129777
664.1224900798047
664.5709190123409
665.6684613925527
666.1737703148690
666.7116087184225
667.1612771604317
668.1950011673742
668.5999908855067
669.4562073587162
669.8923556204918
670.6862027323504
671.3518202348840
672.4614634636774
673.2225105292479
673.7067130636093
674.1533796989391
675.0024200562570
675.4816899844194
675.9621559288594
676.6946024300654
677.2194144663344
677.9165529010997
679.0599793047022
679.7175795274356
680.1479769102338
680.8342716088674
681.6582989383924
682.3981988480497
683.0289838777068
683.6148178101176
684.1756698317810
685.1118374090074
685.5935865931326
686.1559450952097
686.4164338781862
687.2420769739923
688.3545639404773
688.9598336048853
689.4264127079154
690.6075302624545
691.0525374429638
691.9947370763786
692.4795734787437
692.8532116653489
693.2228623737954
694.1366645257509
694.9050891308351
695.4735986120864
696.1235561295733
696.8447182806721
697.8695796540084
698.0552657828279
698.8670196326642
699.6585410844046
700.4982377743443
701.1108079906663
701.8092085331429
702.3891938421730
703.0276790582030
703.2879766816444
704.0724409262882
704.7351597101599
705.2713645644285
706.2808989019632
706.7258418155472
708.1151927076285
708.3299556751009
709.0202860354883
709.7105480848753
710.1949620927384
711.0166419698580
711.6260191011916
712.1490675950936
712.8194934596386
713.2625110005576
714.3254604198180
714.8624671663972
715.4258936909167
716.0275677159437
716.7933151887404
717.8960335431448
718.3431236830990
719.0782190410378
719.8861707124960
720.2715481102358
720.6810332224457
721.6232014069684
721.8207798709812
722.3872426596145
723.3883169323335
724.3767865197101
724.7865644392752
725.5825679539250
726.1080158901993
727.0945006348315
727.5842471562160
728.3099040769510
728.6740844948143
729.4908695224439
730.1983858615311
730.9385169424300
731.2239686865466
732.0750964948210
732.3149188710892
733.2082466225955
734.2402961137205
734.7653135445567
735.3075810616896
736.4409892598336
737.1914117620222
737.5130975092012
738.0545275558462
738.4105521180811
739.4265734923607
739.7664845182773
740.5515582588498
741.0823127260396
741.9549547646335
742.7103895133390
743.5804462919126
743.8533679389636
744.5152404740874
745.2987387623116
746.2955798172457
746.7284292764516
747.4431370493764
748.0496152222270
748.3408814422571
749.1347032379265
749.7480175920277
750.2677181575763
750.9389325251850
751.8539848705718
752.4445340458194
753.4383209690360
754.1051744104648
754.6685118653972
755.3144260469938
755.6577717540808
756.5948248731230
757.1429617713906
757.3982243535660
758.3556373034889
758.9788658367045
759.7063476065297
760.4178765950678
760.8460010435080
761.6223782668055
762.2156262736492
763.4326305802721
763.8042485948279
764.2860598637906
765.2518846323794
765.7415172792104
766.4808010872744
766.8180446297107
767.1021967376401
767.8094083499885
768.8779830779049
769.4003367018545
770.5186008178849
770.7256717194548
771.6011101531446
772.3647183918096
773.0596272986740
773.3409121743811
774.3153061408685
774.6045055477287
775.4218169038781
776.2291804870661
776.5453046498364
777.2496123234943
777.6848887030959
778.7788073488744
779.2067467245039
779.8555167347128
780.5903278119266
781.6478907593084
782.3045854483212
782.8463073481568
783.3258681602656
783.7797314063391
784.3814768629043
784.9012565151863
785.9490071873508
786.3023779810774
786.6874036293081
788.0051827419994
788.5985816700811
789.1199535928205
789.7026346214655
790.4711793248237
791.0486518160109
792.0018583321180
792.4265484420377
793.0833284491328
793.5274532484140
794.3342220541772
794.9752614565357
795.1724861737702
796.0053937387271
796.6398325626133
797.5564722783775
798.3821671661854
798.8901408378781
799.8072975392758
800.2498510141057
801.0448218095998
801.3532937922474
802.1720574653301
802.4693433112925
803.1972543883815
803.8268627557900
804.4782848690782
805.6571214139438
805.8747180466802
806.3588325266177
807.1055944844672
808.1129938799832
808.5866946980828
809.4604904569694
809.8554739427860
810.8736585170345
811.1139734032685
811.7767157537345
812.4391621957591
812.6938648839009
813.2924667371359
814.2730673810128
814.9795200862431
815.7522597372560
816.1787857743104
817.2898605702860
817.9115386623410
818.3172606515772
818.8720129698895
819.3688061291478
820.2416348861404
820.8625883497095
821.4986653656572
821.8696578965863
822.6305574275146
823.2057404285808
824.0363963097312
824.7207056797900
825.1026197074146
826.0024940466481
826.7026591872824
827.7784013398842
828.1520849814632
828.5882272986438
829.1588335243622
829.7677503663646
830.3477817958340
830.7830652946728
831.6679354247006
832.0450842431208
833.1923975020884
833.7311228524446
834.5982284669977
834.9970115853073
835.4256862140902
836.4613207853081
837.2374154006285
837.5576668418547
838.1038976588592
838.7906643066635
839.4751005251979
840.2308202599165
840.5031863055220
841.1932033684202
841.7470269113578
842.5108558877218
843.4853044037511
843.9849267954128
844.9552153831217
845.4219040591581
846.0143553402438
846.7244488434939
847.2436821807635
847.5695960225980
848.2892792071024
848.8164734990617
849.6157868443064
850.3845921025068
850.8814827473172
851.7121318256896
852.4126682895494
852.7770643666559
853.5678910202038
854.5289379589576
854.8584039613111
855.4905506469400
856.5028430274994
856.9174419313475
857.3780755164569
857.6659810090008
858.4660902026343
858.9401053415212
859.9832783438077
860.5801708279672
861.1431532265540
861.8772846738093
863.0146720026550
863.3107717394335
863.9234271487142
864.5532430014842
864.7657473967668
865.7482151884170
866.3571560313948
866.9024553213983
867.3269852073452
868.3034982785101
868.6900228198088
869.7491439875344
870.0097480447588
870.4981934944342
871.5230592415374
872.4125453346790
872.8854325278984
873.5906467633589
874.1104413226089
874.6285724519814
875.1645887476048
875.7909589543752
876.3728495667675
876.9167607598572
877.3197772635568
878.6099931028043
879.2673068327079
879.7725509491699
880.4546858458355
880.9465778321861
881.8684435626192
882.2847619493627
882.9135599159128
883.7306413578325
884.0024981075591
884.6252949461243
885.5121876788938
886.0658907644575
886.4110345833261
887.0806722025616
887.8337982869641
888.7271334571427
889.2048700878917
889.9983562994018
890.7839963258689
891.4145697657830
892.0957114277652
892.5261788154935
892.6920651360529
893.4227506424486
894.1764530754729
894.7179791614620
895.5175914325226
896.1692218540568
896.8860792213103
897.4830139031006
898.0700657481759
898.9995886702986
899.4378098123490
899.8854444939785
