0
15168
13728
23648
3984
26192
26800
21488
22920
11464
18088
24936
12952
5464
32568
2680
32388
17860
19236
8932
28948
6356
5684
11636
9996
21068
14380
8172
19484
27612
444
29948
25474
5826
11810
2530
23058
32210
17714
12402
29706
20298
4906
31466
10522
16602
7354
10234
7430
26694
20646
30566
9366
854
15286
20214
2702
12750
28078
1134
22430
15966
25150
22910
27905
19137
29217
1889
21649
8657
6449
16113
7689
30665
11177
4329
17177
30809
9273
19961
4997
13381
3237
31205
10773
24405
26549
16501
24717
2381
21805
28269
15773
1757
23229
13181
14467
20803
24483
25827
14099
3155
691
27507
1419
8779
18475
15723
28315
7131
29115
22139
17927
12231
8487
6759
18839
29399
31799
5623
31503
23759
13999
17391
4127
25951
3903
10495
